155 244 176 160 213 246 213 176 230 161 176 161 200 255 230 183 238 224 218 242 171 188 212 177 194 235 255 167 208 249 237 215 175 247 202 248 226 165 220 217 255 216 242 218 173 232 176 155 194 191 164 171 192 195 161 223 187 254 222 233 247 200 224 236 180 216 241 209 207 238 213 227 159 155 242 211 201 250 158 218 214 254 229 172 240 220 178 236 240 235 215 227 199 242 226 210 248 160 193 213 246 222 203 212 233 192 167 192 208 205 176 193 250 158 173 248 226 206 252 241
193 160 224 228 177 242 183 172 184 186 219 195 211 201 227 247 205 172 194 203 207 241 182 189 213 177 232 195 223 234 239 196 164 233 174 241 254 231 189 247 163 250 162 177 242 236 237 204 187 182 198 209 166 203 162 207 233 189 169 255 164 243 204 206 202 177 186 234 182 241 249 230 238 203 194 213 234 160 203 233 195 183 162 196 190 185 184 216 225 223 163 219 216 189 237 175 200 211 230 220 204 158 177 202 188 223 226 219 164 205 228 227 242 192 215 237 236 163 170 226
248 226 163 214 233 184 168 203 221 173 167 178 185 239 183 192 160 216 162 223 214 221 207 175 250 191 233 179 230 255 195 192 195 213 227 234 250 218 224 159 210 177 253 246 192 205 197 158 164 177 231 174 155 203 213 182 173 243 220 196 206 245 229 222 234 231 238 227 167 204 197 198 248 158 168 191 223 216 238 199 250 230 169 208 178 176 191 248 155 199 215 162 254 182 208 220 204 186 167 217 223 225 247 215 236 188 182 253 190 176 214 213 160 175 202 232 230 176 198 240
195 246 227 223 244 190 200 220 205 203 243 191 204 176 232 179 239 210 227 246 249 193 212 234 240 157 156 233 236 232 245 183 244 210 176 232 254 178 227 200 243 218 203 242 189 178 164 239 198 177 249 175 204 207 218 156 189 248 238 241 188 222 239 229 214 214 203 249 255 155 181 215 238 182 157 186 246 225 200 217 249 173 190 213 238 224 235 191 247 175 198 160 195 241 167 175 234 230 183 231 230 170 239 198 251 188 192 176 205 186 165 219 202 176 248 169 187 181 246 252
234 167 156 235 212 176 174 253 170 237 208 171 196 225 243 234 190 247 217 205 187 213 242 215 165 235 213 174 248 253 244 208 240 194 252 218 168 159 241 230 169 194 161 223 234 250 177 233 189 169 235 195 219 195 213 176 181 197 224 233 218 155 160 172 249 155 187 157 229 180 220 186 161 243 190 248 207 173 237 170 212 236 241 234 173 204 244 199 237 230 192 227 190 163 167 169 189 244 230 233 218 175 159 163 204 203 189 232 160 220 225 162 215 208 175 237 169 181 255 236
166 243 175 254 243 249 252 253 230 176 213 218 199 158 208 192 231 232 184 225 169 167 194 171 160 184 166 237 243 185 255 162 244 185 222 230 255 161 175 211 207 191 156 239 161 161 218 212 155 239 161 192 253 185 184 255 204 158 248 214 237 169 165 200 176 205 229 168 192 234 192 225 211 229 172 234 165 210 164 255 222 210 237 158 179 217 165 214 155 222 180 251 168 217 229 193 181 212 217 211 187 204 174 176 202 191 237 178 167 206 244 249 249 249 248 182 188 161 175 241
195 169 168 226 208 196 212 249 255 235 207 209 248 208 222 172 190 215 212 244 236 242 202 204 233 187 157 175 225 202 159 175 191 157 171 173 191 204 224 161 235 243 179 187 254 190 155 195 182 230 247 228 205 187 234 209 223 219 248 176 194 191 178 208 230 187 172 246 192 204 236 242 246 206 163 248 218 169 206 198 186 217 249 250 210 186 226 159 179 218 205 227 212 203 222 198 219 226 213 222 173 165 158 233 250 160 238 255 178 241 246 209 168 204 246 232 198 184 253 235
217 167 221 230 254 164 184 198 239 221 183 247 212 239 179 175 213 170 155 205 204 227 236 193 227 252 213 162 213 245 255 190 228 169 159 160 199 184 235 240 231 194 170 212 212 254 253 184 179 225 174 183 183 203 250 246 186 183 157 157 206 177 241 249 222 249 174 197 235 174 231 184 191 170 230 165 211 178 236 228 254 184 238 243 226 227 162 180 175 169 229 171 181 232 189 208 209 177 246 219 235 210 205 160 250 245 247 167 228 239 190 163 202 184 158 177 194 253 177 254
241 249 177 221 200 214 158 215 237 176 211 188 187 171 248 199 234 232 249 237 235 251 208 191 234 221 224 252 228 167 168 211 155 252 234 242 188 239 216 190 241 187 185 206 183 157 231 185 191 215 198 217 159 195 170 246 195 242 242 235 245 161 242 225 162 155 187 191 193 161 166 250 171 213 251 202 220 156 163 232 246 194 216 167 225 207 206 216 236 243 201 201 253 237 201 235 201 216 198 182 225 194 247 185 204 203 201 202 199 223 181 193 233 164 244 206 201 229 155 240
204 227 210 206 215 220 253 190 167 171 156 158 214 236 162 206 202 185 219 176 161 159 171 168 216 162 224 243 248 250 189 227 216 242 234 253 239 196 226 240 205 165 190 183 222 178 235 253 157 193 159 170 165 234 205 200 210 197 245 207 251 165 198 172 238 185 197 227 157 164 223 160 215 234 226 251 225 244 202 193 183 226 240 210 246 173 216 238 192 189 198 196 206 173 244 195 222 172 200 192 236 163 251 249 225 254 211 186 162 209 231 221 251 206 179 180 180 244 182 243
224 215 190 223 222 181 210 197 246 186 184 207 198 165 212 174 231 247 240 248 218 185 230 238 214 232 201 155 249 219 170 233 246 237 223 176 228 182 181 199 199 169 196 232 180 178 178 241 249 159 205 188 159 189 156 194 240 208 164 246 235 209 203 182 170 206 216 217 197 191 201 203 221 195 204 204 244 254 212 190 209 216 161 244 169 238 229 211 235 184 192 175 172 191 220 245 221 169 217 230 217 216 199 213 214 156 222 220 241 208 205 241 252 230 192 174 203 215 167 231
232 160 238 167 254 181 185 184 231 215 238 229 192 237 228 248 171 203 185 167 170 164 226 181 234 206 179 198 255 200 196 160 156 184 253 212 233 186 214 187 226 193 245 181 225 232 204 169 156 199 157 255 184 155 172 223 189 212 188 203 157 243 185 185 173 233 228 162 240 170 169 241 245 253 197 233 175 200 211 157 156 164 196 211 197 197 231 156 167 184 178 176 253 166 185 238 162 214 162 248 158 197 185 241 184 172 165 186 214 194 203 245 155 186 201 248 202 230 244 247
156 226 251 210 248 249 244 233 223 214 225 217 192 218 254 215 235 210 181 180 186 199 198 228 237 188 176 222 221 192 191 188 225 186 247 188 201 231 249 191 184 187 219 255 225 242 208 192 187 242 168 248 203 219 200 212 183 177 228 215 228 177 167 186 178 191 247 160 226 221 168 159 217 246 252 255 236 198 158 250 236 239 189 234 179 198 241 160 242 190 159 179 157 188 218 161 174 187 232 188 251 202 222 221 228 163 185 212 223 200 231 240 174 234 234 244 243 188 162 248
206 241 173 191 216 245 156 183 182 245 235 204 222 225 255 188 172 223 161 170 168 183 193 197 214 174 159 179 210 229 174 242 180 252 238 164 184 185 160 239 161 157 184 234 221 182 173 204 234 200 227 174 182 247 222 177 202 232 232 196 240 233 228 208 225 249 178 225 243 246 159 242 218 178 163 165 255 215 231 187 156 210 200 165 157 255 214 188 185 216 217 207 208 219 254 184 184 231 163 227 158 203 217 244 195 241 212 159 239 211 178 243 155 200 195 185 188 218 206 245
189 246 195 182 183 207 188 254 179 235 237 178 206 159 184 209 248 212 225 171 198 210 205 229 193 229 207 163 179 224 252 221 180 193 192 168 162 190 215 243 208 213 235 158 230 255 191 252 171 241 192 231 249 190 182 235 195 222 245 209 155 179 230 211 239 170 254 168 222 171 201 213 252 237 219 240 230 201 254 193 193 210 248 193 186 175 228 245 165 213 228 196 201 160 242 183 239 179 175 215 156 178 185 155 194 235 235 166 226 198 160 250 223 206 171 201 187 191 179 242
198 163 157 164 198 160 167 246 250 191 156 205 180 194 191 169 179 248 254 207 195 216 174 223 207 233 228 250 245 196 251 202 155 212 172 248 176 176 212 189 223 244 172 190 196 210 224 184 169 157 176 194 193 227 178 237 245 189 212 221 188 172 156 209 195 210 205 224 177 198 249 158 191 220 240 207 199 239 182 253 164 198 235 243 174 212 164 183 189 190 158 242 220 246 155 205 242 218 251 242 159 155 162 226 163 173 158 228 242 227 193 160 162 215 212 245 192 169 189 249
200 177 190 242 195 161 193 200 219 190 220 236 244 195 248 163 191 163 234 156 208 191 196 217 252 254 234 160 189 166 167 228 183 166 196 238 220 175 186 156 235 213 164 207 161 212 171 223 222 203 208 183 190 188 185 163 236 228 245 196 183 188 165 208 177 247 207 232 254 164 199 171 233 233 176 251 182 244 210 195 238 166 193 242 213 239 192 251 237 188 156 248 185 246 229 201 203 211 185 170 160 194 224 212 159 192 206 213 167 189 237 248 172 205 214 171 251 179 250 233
210 212 251 221 163 206 241 243 158 230 203 227 214 195 189 198 198 236 238 175 188 234 239 202 207 164 230 235 186 213 206 178 216 247 215 203 199 158 204 208 206 219 209 192 242 165 188 232 170 170 229 169 196 230 160 231 229 203 169 255 232 161 211 201 179 179 165 222 235 242 255 194 187 185 225 224 180 201 216 197 231 253 219 170 240 192 238 242 242 240 230 252 244 205 231 200 162 163 167 218 255 221 252 184 171 189 238 166 160 191 206 182 242 228 178 234 198 196 217 251
197 178 236 251 167 157 206 238 210 179 216 171 189 253 197 164 155 189 254 205 210 227 237 205 189 202 164 171 181 252 156 222 201 180 176 232 241 156 172 168 238 255 212 236 231 189 249 245 186 169 234 163 197 166 188 226 196 186 216 220 249 189 211 213 178 249 225 163 232 220 179 254 172 240 223 210 169 156 229 255 208 175 241 167 173 249 180 190 248 205 190 209 195 207 175 204 198 254 213 237 220 241 167 221 246 235 246 212 199 233 211 195 212 217 167 229 204 199 195 230
224 190 171 181 184 225 214 221 220 173 166 171 199 248 190 223 162 174 177 193 157 224 247 169 250 251 253 234 195 202 255 255 214 183 168 184 225 241 191 175 176 180 248 180 222 194 251 220 181 199 221 184 177 156 181 155 199 156 187 188 228 235 180 173 174 167 213 170 235 160 254 177 238 156 172 233 232 221 203 210 255 188 208 251 237 225 232 212 156 167 241 223 208 157 203 197 255 229 161 210 237 236 240 175 200 198 202 176 239 204 179 233 209 232 189 195 181 184 192 237
190 155 168 222 175 185 224 235 209 231 233 157 214 248 228 174 203 188 206 193 178 211 228 208 244 162 169 232 224 163 170 225 192 213 174 237 222 172 155 169 230 222 222 163 226 176 173 216 159 169 247 249 234 254 180 235 182 216 234 167 171 248 165 201 215 163 220 156 229 247 208 186 188 191 218 212 244 220 237 222 244 208 228 210 171 177 246 193 187 194 210 160 194 243 254 238 211 176 204 218 212 172 242 167 216 216 215 198 191 224 246 218 234 166 178 218 175 211 184 233
172 181 224 189 191 202 247 200 192 236 155 223 170 173 165 227 222 215 249 211 217 203 157 219 204 248 182 182 220 190 217 155 247 166 201 186 203 207 231 169 224 170 160 210 223 178 202 215 156 206 252 216 217 229 230 225 178 160 241 199 175 219 235 156 174 155 231 159 228 234 178 169 239 235 242 202 197 203 251 180 201 222 181 168 194 156 193 173 191 232 162 198 222 187 250 160 190 159 191 223 203 197 243 177 182 237 232 238 243 183 182 231 165 216 254 208 193 221 218 226
218 212 223 252 227 236 203 207 241 237 166 193 167 182 232 158 235 158 241 212 179 210 186 163 204 187 187 160 188 196 222 225 196 173 160 247 229 246 206 202 189 180 253 160 172 245 218 238 239 250 229 189 235 160 248 162 181 215 202 194 203 197 173 200 169 197 252 249 177 241 185 244 208 194 177 255 213 180 246 215 224 205 177 194 222 187 245 191 181 254 221 168 198 166 254 248 162 208 247 230 248 224 215 253 220 240 237 195 238 249 204 155 224 243 226 254 174 234 233 249
207 216 223 179 175 171 201 196 196 185 248 160 189 171 222 155 245 179 229 237 205 204 208 188 204 220 199 210 196 155 228 183 230 164 177 187 156 191 233 203 194 195 255 208 156 199 221 208 175 225 163 251 160 251 187 158 163 190 231 210 227 246 155 195 212 219 185 180 249 190 254 209 202 180 197 165 204 255 187 159 254 247 190 226 247 233 178 235 232 174 179 221 216 177 232 204 195 215 252 192 169 196 215 241 226 210 203 235 208 176 209 163 158 226 212 236 211 185 203 248
196 206 203 229 166 188 249 179 204 249 225 245 158 250 246 213 186 204 255 192 185 198 181 210 221 170 218 245 221 251 249 165 166 172 251 219 248 241 229 193 216 178 185 215 206 220 159 163 236 254 204 161 185 166 204 253 180 248 163 251 225 158 214 208 255 215 234 241 254 181 220 201 231 216 231 161 167 221 158 155 166 209 164 222 202 243 235 155 224 254 194 155 233 234 224 213 219 233 215 247 241 174 164 209 189 158 186 224 190 198 240 214 244 162 240 170 249 248 161 224
236 233 171 155 243 220 224 253 248 172 197 190 160 167 170 247 199 211 188 199 212 165 220 181 168 235 166 225 249 208 220 227 227 203 165 162 157 164 222 224 190 189 232 172 155 205 209 231 248 248 226 193 215 218 211 226 168 246 242 162 209 254 158 194 208 226 219 213 157 162 245 190 245 219 164 177 188 203 180 219 181 190 233 155 238 182 166 163 247 195 250 167 177 214 170 191 185 193 219 185 241 252 229 241 157 191 203 251 209 188 192 220 220 178 236 173 176 157 212 229
214 210 221 217 167 233 167 185 204 228 248 251 239 251 234 185 216 247 253 201 234 171 210 214 158 185 202 255 233 252 169 182 236 193 227 185 186 166 229 180 178 172 202 236 196 196 236 225 199 206 213 185 159 165 202 197 255 161 214 237 185 167 208 208 214 220 170 201 178 203 255 204 173 228 178 216 225 230 173 217 204 233 210 182 193 240 178 225 247 184 185 179 208 247 251 165 220 249 177 232 181 190 201 252 206 163 166 187 243 241 228 180 244 252 188 207 213 181 169 246
197 200 210 250 172 231 252 181 233 167 251 231 208 197 191 169 187 214 231 185 228 246 238 160 211 160 190 212 214 198 208 194 234 203 189 236 236 207 234 231 166 241 210 231 246 253 227 202 215 174 175 254 205 239 155 206 218 205 193 167 195 195 223 189 214 212 252 159 162 210 188 236 235 255 173 243 191 161 170 214 188 244 252 195 178 210 244 250 203 239 173 186 169 222 191 227 173 175 172 188 155 223 195 160 241 195 173 206 221 168 169 211 189 234 234 207 198 182 166 221
223 157 212 178 192 157 222 168 218 201 225 171 245 237 214 221 203 247 209 238 191 193 184 189 225 218 252 190 244 240 183 246 163 168 221 253 165 172 223 239 229 160 243 174 199 253 222 208 174 167 158 207 229 183 223 184 228 177 208 230 160 186 179 234 173 234 163 232 170 216 210 186 178 226 164 185 205 165 246 228 252 198 170 231 237 232 172 235 200 191 180 244 220 249 233 197 236 164 156 220 245 245 192 213 212 228 184 157 173 192 234 218 186 236 233 217 170 204 252 234
217 183 186 235 191 222 222 184 248 223 205 196 164 181 239 161 160 213 174 163 202 169 216 162 212 218 212 239 170 170 181 187 167 215 157 216 214 213 177 246 161 255 165 206 243 193 209 160 253 227 211 213 185 244 250 203 223 178 177 229 165 238 168 232 196 172 183 204 178 177 202 203 190 183 157 203 159 165 175 173 163 207 242 198 214 224 157 179 221 210 249 190 190 204 235 179 242 188 164 225 164 159 237 230 180 163 177 156 241 201 199 212 158 158 220 214 251 225 172 246
170 159 239 224 184 166 167 242 204 234 217 226 155 205 164 159 225 167 173 206 201 155 194 174 165 191 187 186 239 176 183 171 170 192 210 160 175 167 200 168 251 191 208 162 240 228 212 209 250 215 244 238 206 222 181 169 221 220 214 248 235 237 157 182 205 200 210 218 251 158 239 213 222 160 211 164 203 187 189 192 235 233 192 178 188 201 220 204 166 195 195 210 208 207 188 169 189 180 212 195 172 249 214 246 231 185 170 201 166 171 222 188 186 176 168 157 200 234 250 221
235 161 207 210 219 184 159 170 228 196 231 178 230 250 174 242 174 201 202 157 185 174 193 250 228 161 179 187 194 186 225 210 185 208 215 166 196 158 182 202 181 155 229 225 196 198 214 192 156 181 238 254 186 248 230 216 224 213 237 212 159 228 231 196 227 176 248 177 189 163 201 171 173 255 231 184 201 223 209 184 203 243 185 167 203 226 178 193 233 254 197 238 176 226 198 209 180 187 253 174 206 191 157 248 236 222 236 186 171 200 170 156 159 207 164 171 197 219 249 220
253 209 199 190 222 219 250 203 212 177 158 169 225 189 234 166 241 192 186 237 245 247 177 188 239 196 233 224 216 182 167 217 193 252 176 252 248 222 181 172 227 187 230 250 197 156 186 226 229 253 186 159 187 167 166 160 187 166 207 181 241 181 242 184 164 197 231 229 167 237 174 173 166 169 164 213 172 182 246 238 165 162 250 218 252 162 184 181 240 171 220 236 170 155 187 201 200 200 240 255 180 212 213 247 234 167 249 173 158 209 244 160 175 224 170 233 186 178 188 220
168 204 244 252 172 193 158 165 237 218 167 227 198 247 212 208 204 158 240 240 169 166 178 186 182 214 216 201 240 209 170 177 166 238 242 232 223 217 230 196 163 238 191 195 197 172 218 183 167 218 183 182 194 204 243 156 181 213 225 213 232 213 181 183 202 246 215 215 160 236 241 243 184 198 231 187 231 238 245 165 252 187 189 177 180 243 238 218 250 240 205 165 248 171 219 206 211 162 249 206 212 157 178 186 233 196 254 251 228 211 181 199 223 215 216 200 178 159 157 241
162 253 221 176 186 230 251 167 235 180 231 223 245 193 208 250 164 157 200 240 244 242 245 194 213 161 197 188 210 173 182 207 160 188 199 215 192 156 155 157 200 242 171 203 235 214 210 185 161 221 190 176 214 173 226 175 162 181 218 179 188 218 212 216 253 179 217 211 250 248 213 162 156 197 194 157 226 197 215 254 207 167 181 244 238 161 248 243 218 178 208 165 193 231 224 238 184 210 205 211 252 254 190 169 163 183 174 171 234 224 205 221 222 220 228 175 192 223 233 253
186 230 248 227 195 202 225 181 229 212 228 171 247 159 156 208 232 166 236 210 243 231 163 250 229 242 199 229 158 203 201 216 232 213 179 177 160 219 230 216 213 249 198 177 251 188 230 217 218 175 198 180 243 177 159 210 222 254 254 208 158 251 177 180 165 166 195 188 235 235 202 168 192 174 252 249 187 242 254 195 167 237 166 239 159 176 229 209 209 224 211 162 220 177 213 218 226 173 166 240 249 196 237 238 228 185 244 223 181 165 178 235 155 213 195 176 240 194 175 252
193 241 235 166 179 195 204 170 217 189 178 169 230 169 201 227 155 183 165 230 187 160 183 198 201 231 161 161 237 191 233 186 254 177 201 163 217 226 213 187 236 229 160 247 242 164 160 242 167 224 176 211 183 200 212 187 213 191 221 204 189 197 188 181 211 248 170 207 223 193 165 184 225 233 250 214 155 191 211 192 225 174 250 168 170 176 157 209 221 169 206 180 160 164 254 194 195 235 190 250 249 209 174 229 214 247 242 205 206 253 187 176 236 183 234 169 203 175 165 232
245 217 242 208 243 241 179 216 235 210 174 175 155 216 198 171 155 175 210 179 190 207 158 223 238 184 199 232 185 240 247 175 224 156 160 187 222 221 242 229 222 181 226 251 234 166 175 174 241 218 168 182 221 242 255 192 214 173 226 214 196 203 185 250 219 254 207 255 211 166 204 190 189 237 212 164 236 162 245 226 163 180 246 223 226 220 210 238 157 223 229 204 250 183 187 173 251 231 186 235 215 176 219 230 168 234 248 240 184 245 211 206 183 155 205 170 212 217 178 255
199 224 253 243 192 255 195 161 204 194 168 160 231 164 166 243 216 171 210 248 227 225 208 167 167 178 175 250 233 172 216 189 208 187 191 246 178 232 192 168 193 241 191 246 231 206 230 173 244 217 210 196 162 186 182 229 171 240 231 169 234 200 183 186 233 235 207 199 229 175 220 240 234 196 209 242 189 218 192 216 203 156 160 171 218 175 181 176 159 217 230 193 155 178 189 249 212 159 168 251 254 185 200 224 252 225 217 221 232 196 194 209 203 170 221 232 194 166 224 240
208 186 195 166 200 181 240 211 161 216 184 185 205 196 217 173 212 192 175 248 213 216 199 218 178 176 246 241 212 212 209 200 190 210 197 223 246 188 178 226 241 161 214 171 167 163 158 161 208 203 175 157 247 232 255 248 242 232 244 179 190 254 254 205 162 239 251 250 254 250 182 178 169 204 162 206 156 183 205 169 172 240 188 164 192 206 208 214 210 205 236 168 200 255 190 242 163 164 164 184 168 164 162 214 176 252 244 197 224 204 247 214 181 230 161 205 221 245 167 240
185 192 194 204 168 168 234 169 169 175 198 247 173 176 155 162 233 229 244 195 218 166 245 161 213 177 243 225 248 241 176 174 253 208 254 232 225 213 201 162 172 229 183 203 160 155 195 159 229 254 228 247 155 228 249 174 202 188 246 246 181 164 177 183 255 179 250 221 178 179 193 174 183 236 178 244 238 197 156 213 238 238 251 249 168 184 173 179 215 235 184 192 223 210 237 163 206 155 203 236 160 230 237 205 216 208 218 174 204 159 192 159 186 187 163 199 168 184 170 245
161 225 160 199 250 155 207 229 255 169 192 238 249 175 208 163 155 201 187 215 222 254 230 210 197 179 161 190 201 193 250 177 240 234 230 191 224 193 210 216 155 245 175 190 222 210 166 165 235 155 198 223 252 210 158 162 250 206 156 225 249 171 182 217 175 170 253 170 201 171 194 217 246 227 215 232 233 195 243 243 168 251 211 201 250 182 181 184 231 222 197 172 192 240 222 239 218 214 170 207 212 252 220 219 216 237 232 180 251 181 184 209 218 168 212 254 216 236 222 253
244 224 194 235 230 176 180 160 159 231 169 174 180 191 185 172 186 247 241 168 205 156 189 204 192 243 210 178 183 224 177 237 247 177 219 244 212 240 244 194 211 226 175 174 167 165 183 181 239 195 223 224 251 209 198 242 189 246 197 242 222 156 233 190 208 187 182 158 227 197 215 201 158 201 212 235 236 169 191 181 214 183 195 244 156 209 241 193 234 232 209 221 198 156 228 209 249 241 222 235 238 180 209 196 235 176 221 205 252 219 160 175 209 170 183 193 217 244 189 255
201 245 179 251 243 250 158 156 228 158 241 251 202 211 199 189 229 254 164 235 243 191 197 170 226 189 166 182 229 190 248 159 206 222 189 249 155 214 209 241 173 219 232 249 233 165 228 254 227 249 219 219 235 209 166 165 202 163 179 209 238 232 183 193 166 237 200 236 177 205 189 170 199 178 216 179 215 204 193 216 217 168 210 235 226 183 179 252 211 178 201 247 189 155 157 197 190 193 238 251 221 248 231 176 215 204 174 211 249 243 206 254 225 219 248 224 176 204 223 249
213 203 179 254 159 197 236 199 176 173 244 176 222 198 251 224 192 189 174 176 164 223 158 223 228 203 176 226 163 188 176 242 225 255 193 172 223 233 172 173 224 231 190 230 255 184 187 182 223 178 187 243 184 201 229 245 199 212 180 212 175 164 190 243 253 156 206 222 159 233 156 215 171 156 208 188 187 184 224 199 170 249 158 241 156 188 213 179 181 203 228 166 207 216 254 214 195 203 232 254 233 221 178 245 177 227 226 183 248 195 212 170 244 237 196 181 161 205 241 243
198 182 195 211 159 245 162 211 158 250 249 240 207 226 222 205 226 168 218 184 218 185 186 242 246 212 178 226 174 227 208 245 218 167 210 205 180 222 240 187 220 169 179 254 201 228 219 172 169 246 210 248 243 211 156 168 252 209 220 202 222 191 191 186 196 159 176 194 170 171 179 159 183 186 220 203 160 187 195 173 249 160 211 183 171 216 157 161 166 197 209 227 156 193 220 183 233 248 213 197 206 180 157 254 222 206 219 211 247 208 162 219 168 202 209 217 235 162 170 248
157 170 182 229 218 208 157 246 221 191 225 167 230 254 222 224 158 213 217 220 252 201 169 214 190 246 213 210 239 158 203 225 233 232 194 191 253 183 191 168 204 229 245 210 238 250 244 169 236 241 214 177 201 205 240 211 155 223 194 228 250 203 162 218 243 255 190 253 214 185 226 230 177 204 171 177 212 215 232 195 156 199 229 254 200 181 179 182 248 239 190 184 245 218 174 156 222 182 223 238 215 246 210 205 169 239 255 253 189 217 255 196 247 254 226 206 229 163 172 242
231 162 159 231 251 196 240 214 184 169 211 184 248 249 236 165 244 178 239 216 182 182 249 186 240 250 192 247 248 224 182 213 164 161 162 207 242 235 210 228 255 195 223 174 161 225 204 254 172 216 217 206 180 212 189 203 169 229 246 155 159 248 222 216 243 253 175 241 242 183 179 164 224 165 216 243 215 229 180 169 200 194 229 186 161 232 188 208 227 215 193 167 244 209 224 161 228 161 187 163 205 218 166 245 192 208 238 169 251 202 244 196 204 232 211 220 174 190 209 223
220 222 169 182 245 166 175 169 197 209 169 208 196 171 220 238 182 240 250 208 250 174 212 180 227 253 219 167 254 159 243 193 208 176 199 238 204 240 255 180 187 223 227 197 188 190 255 187 166 229 192 190 196 155 171 200 165 244 211 248 203 163 170 192 222 232 155 174 228 237 188 198 240 225 175 181 202 170 248 191 254 186 155 180 222 208 252 207 159 254 228 216 184 162 232 179 207 189 230 211 190 235 214 185 195 250 205 226 235 246 253 250 251 174 249 171 162 246 226 224
235 204 170 230 164 228 168 232 249 252 229 168 195 191 155 173 228 226 240 228 157 181 227 169 155 233 220 164 168 215 171 217 219 217 232 242 220 240 175 223 236 229 232 239 171 240 210 215 174 231 199 192 160 253 166 208 233 155 229 186 163 159 218 189 235 167 204 234 214 169 209 244 205 172 248 184 204 243 254 170 178 160 246 193 170 235 212 222 205 179 164 219 165 245 214 231 165 198 159 158 191 231 155 159 176 211 242 243 160 238 158 245 156 213 162 158 169 180 173 255
211 238 183 190 160 245 234 216 214 171 174 161 239 250 235 203 159 241 172 215 249 224 216 223 175 174 217 207 237 211 217 241 179 159 203 208 202 221 255 186 233 181 184 244 218 253 161 162 234 215 254 183 162 214 161 242 176 215 169 241 182 181 234 157 209 188 237 235 202 181 155 194 242 241 238 222 195 228 159 178 168 210 228 177 213 189 233 221 253 216 187 243 206 168 159 206 203 182 190 185 171 182 215 207 215 215 196 177 231 195 202 204 210 246 228 228 209 212 200 227
211 170 237 241 250 168 243 228 236 187 174 168 193 230 162 241 250 175 217 253 248 210 245 213 169 238 187 216 195 187 253 247 238 169 229 155 200 230 213 202 228 223 196 199 176 189 166 236 239 242 233 188 250 202 182 156 180 179 227 166 236 182 188 204 189 182 186 178 156 161 196 175 218 170 180 179 168 200 191 236 227 206 232 209 209 219 253 190 242 227 230 176 157 202 221 201 190 248 164 249 158 244 234 232 201 212 226 234 177 158 243 235 243 247 194 184 205 234 250 245
185 251 191 184 187 175 172 170 205 234 244 176 191 198 232 239 228 255 162 252 249 173 168 239 240 250 188 166 162 191 251 212 253 194 218 162 207 204 200 181 195 210 184 198 169 221 199 200 169 211 212 205 227 254 232 167 238 207 200 192 242 160 162 168 238 187 179 252 235 225 186 178 210 237 212 194 245 225 224 173 206 243 253 207 234 201 241 254 218 206 180 155 159 163 194 189 203 170 215 238 197 203 220 200 179 188 251 245 196 193 178 167 238 182 242 254 163 210 189 233
202 180 188 184 199 186 174 202 197 177 246 229 165 242 231 157 178 208 183 200 206 251 212 180 183 168 172 233 176 195 181 248 236 178 190 171 169 191 155 248 169 203 202 174 202 204 157 252 206 239 231 211 182 244 242 206 223 163 155 186 169 196 180 156 252 254 248 242 206 215 244 242 207 190 186 157 203 193 233 234 166 175 182 193 220 225 221 247 192 240 203 160 190 224 234 228 178 200 178 203 212 170 200 246 250 244 158 247 213 239 158 185 186 177 175 249 169 242 192 229
188 155 205 222 166 239 206 238 211 213 235 157 170 184 177 251 231 191 199 231 221 229 189 208 236 173 230 168 204 241 214 191 163 252 170 211 221 234 235 166 192 176 191 155 159 155 169 156 155 179 173 234 198 217 216 215 222 253 241 248 163 193 188 226 254 198 250 173 169 221 185 253 212 187 193 200 192 188 203 236 158 229 168 180 223 236 248 201 191 211 245 223 248 242 157 255 243 220 156 217 161 251 242 190 249 175 176 166 179 170 177 188 205 160 245 190 180 163 158 226
206 203 238 213 231 218 159 225 185 194 213 228 186 241 230 162 242 234 187 202 214 237 177 175 189 211 173 242 253 223 229 235 217 239 166 213 168 184 214 186 170 206 237 241 213 204 157 219 186 237 204 202 232 211 214 224 181 218 179 175 199 173 228 217 220 233 165 203 230 171 250 213 174 155 186 162 155 192 217 240 209 210 211 170 173 182 157 160 179 197 186 205 159 193 243 253 234 174 175 235 194 210 244 169 242 246 182 231 180 207 224 244 155 195 222 244 217 212 199 233
231 159 178 187 240 200 208 237 168 188 184 237 171 237 200 254 222 196 184 183 255 182 236 228 229 197 204 220 227 254 190 176 231 238 159 189 186 211 184 197 192 201 217 247 177 242 228 174 250 223 177 176 183 170 193 203 179 206 214 197 251 244 164 170 253 163 161 188 233 166 223 165 166 243 246 209 220 245 205 242 225 185 226 158 231 169 248 215 200 212 165 235 253 242 201 204 191 202 249 168 236 194 197 238 155 167 165 196 180 240 239 189 155 227 228 220 173 161 194 250
171 202 243 175 155 243 168 179 196 196 172 172 251 191 161 185 244 243 158 219 159 207 189 216 229 231 235 181 169 236 186 185 163 165 253 189 206 176 238 167 254 241 155 239 222 221 193 219 220 198 232 186 157 230 235 220 167 182 202 179 163 242 165 215 165 242 164 241 194 228 234 223 160 247 220 173 206 205 250 162 192 170 216 227 159 255 183 189 186 188 176 179 229 213 158 166 231 196 229 235 212 208 180 248 219 163 181 166 164 216 168 217 188 194 242 249 181 193 210 223
214 231 210 160 206 209 249 202 243 209 198 165 232 169 206 240 245 224 162 251 229 172 179 225 175 214 247 189 226 165 241 192 241 218 176 237 253 175 196 164 169 234 179 211 173 157 241 173 244 157 159 212 186 215 191 197 206 240 240 248 218 215 232 232 223 160 180 169 248 225 242 224 183 254 236 251 248 224 207 172 229 228 201 224 161 183 161 181 181 235 185 168 190 203 202 210 156 202 244 167 233 226 181 173 170 190 184 188 234 196 204 238 187 223 174 245 169 163 226 234
254 254 244 168 194 229 188 235 206 181 250 201 236 195 195 157 202 182 208 226 255 229 202 241 185 203 236 223 184 212 196 248 232 204 168 234 238 167 235 197 156 204 237 208 201 157 157 248 183 171 198 242 211 255 195 180 207 157 238 247 248 221 206 249 240 156 225 186 181 216 174 189 203 166 224 205 248 250 194 183 200 243 195 167 169 209 192 232 164 244 182 235 185 243 204 191 254 243 223 200 188 226 222 222 252 163 194 199 186 245 188 212 219 210 202 159 181 193 235 231
219 248 177 192 188 195 159 216 217 188 207 159 181 249 250 229 176 228 171 160 169 249 201 175 211 225 171 230 195 199 165 215 163 192 237 195 204 185 189 212 159 234 237 253 192 183 186 225 215 228 239 209 177 230 171 226 202 156 237 218 179 184 175 172 178 247 252 244 167 210 179 247 193 214 155 191 166 203 239 182 194 201 170 222 216 212 193 189 176 166 249 203 204 226 188 231 214 220 230 200 187 197 212 160 204 248 170 218 229 236 214 255 173 209 179 233 168 208 212 243
209 217 223 156 216 232 197 223 181 180 232 202 228 193 250 253 244 164 173 224 196 230 215 195 207 249 184 250 202 210 217 160 162 163 247 226 229 211 199 228 205 202 192 203 158 167 181 236 215 182 244 159 189 244 180 234 157 183 205 223 202 203 176 227 218 226 194 219 202 179 178 188 220 201 173 250 193 166 191 194 223 204 190 174 221 213 227 174 239 167 223 201 160 232 180 156 181 220 241 188 229 217 188 190 158 211 194 244 225 185 196 246 247 165 155 254 168 156 160 222
255 174 236 189 211 233 183 244 176 171 223 229 181 158 221 160 170 255 171 165 173 238 205 208 227 233 209 251 232 182 244 179 214 235 188 209 237 255 235 181 182 205 223 208 218 223 219 243 199 251 238 168 240 251 242 172 225 182 218 233 178 187 167 250 183 198 169 202 226 167 178 171 175 246 238 224 170 252 246 159 169 222 206 237 199 230 194 219 248 171 240 210 191 156 157 250 193 229 180 174 208 171 172 187 227 222 249 250 167 173 156 228 191 214 219 212 237 186 206 238
159 205 209 210 182 223 235 173 244 243 185 196 227 227 206 253 204 173 164 232 237 200 206 229 169 166 173 233 193 200 168 162 178 228 170 158 218 218 159 158 242 230 161 179 243 215 156 220 162 221 162 218 176 229 226 214 254 235 195 171 205 157 236 198 230 178 173 254 212 203 190 242 168 160 245 162 193 181 242 209 164 209 225 227 192 205 241 204 156 211 159 238 177 244 209 240 249 219 205 220 197 157 163 215 186 176 204 170 239 219 175 227 249 242 162 252 188 164 160 228
192 224 253 155 198 208 219 180 207 160 168 230 232 176 167 161 200 164 196 171 155 225 220 193 190 188 244 191 236 213 206 240 213 181 183 228 160 162 172 233 212 179 219 234 205 201 251 228 229 155 206 178 223 245 178 222 158 214 221 165 219 183 200 249 209 184 172 206 249 194 156 193 248 218 214 232 161 242 244 245 192 171 217 236 161 183 171 223 157 217 224 201 196 162 169 184 235 226 179 176 184 200 235 190 255 167 186 160 185 202 216 172 226 232 228 203 221 219 242 229
167 204 204 187 225 210 252 240 204 185 253 190 218 223 216 248 191 182 236 250 252 166 192 210 155 207 230 220 189 221 218 170 239 254 163 235 252 203 220 199 171 201 212 155 204 180 209 158 170 236 167 194 238 248 184 156 166 249 186 173 236 186 206 238 223 238 207 220 214 236 252 244 217 192 233 206 209 192 160 231 253 227 204 209 209 178 187 246 225 162 224 157 172 202 219 240 251 229 188 222 228 245 200 190 240 178 233 201 169 233 202 229 243 210 175 163 237 252 184 235
206 217 251 207 166 249 227 170 229 249 210 236 159 194 158 163 181 169 224 185 201 241 231 247 215 250 169 217 181 210 157 254 199 244 171 165 250 248 178 247 207 217 228 176 178 221 225 204 207 167 238 223 182 254 254 220 242 158 247 172 234 165 244 173 246 212 191 170 177 248 168 188 246 233 234 239 168 210 224 250 179 221 164 169 228 190 226 201 246 206 179 246 156 161 167 197 228 209 185 221 185 210 182 215 255 204 232 205 175 169 207 187 190 253 248 168 155 230 201 240
241 246 179 226 223 177 187 240 220 192 165 215 179 157 219 225 193 205 170 179 213 176 180 232 255 248 211 159 168 255 196 254 162 229 236 194 185 211 248 232 171 247 240 239 158 247 162 188 188 178 230 206 215 177 253 220 221 203 227 230 222 183 226 221 251 167 207 205 177 180 194 238 213 193 162 221 192 196 228 163 241 177 227 246 180 246 194 241 231 170 229 238 240 172 165 244 176 174 244 247 195 212 166 162 239 247 249 176 170 187 183 179 230 219 245 199 211 236 195 221
228 222 229 161 206 212 254 195 183 173 200 172 208 237 223 183 166 219 161 189 253 173 226 199 243 205 162 176 183 221 187 195 234 239 173 228 238 160 212 182 249 208 248 252 242 165 226 249 251 216 188 248 229 161 162 210 252 185 173 156 204 233 167 218 242 160 193 225 218 251 200 161 161 235 196 199 180 229 213 233 234 168 181 222 187 194 221 228 231 219 231 208 242 211 233 170 196 185 164 237 227 156 186 255 170 182 242 250 221 219 184 177 228 196 177 190 207 200 186 236
194 221 249 254 174 248 174 206 156 180 157 251 220 231 160 233 238 181 206 159 208 227 162 167 189 209 236 200 189 197 219 251 255 218 197 161 163 187 236 178 163 190 248 196 216 189 213 252 191 199 208 180 249 181 250 222 213 236 219 221 167 229 172 215 216 161 251 156 188 254 225 205 201 183 252 173 235 222 207 155 251 239 164 245 245 193 156 228 224 231 204 182 224 169 166 189 173 188 235 209 193 211 218 192 230 157 235 221 185 231 243 247 184 219 225 183 220 182 225 228
159 178 188 213 205 197 237 186 171 217 255 202 242 253 217 194 175 227 170 243 214 191 198 248 243 212 253 160 200 239 225 246 218 213 204 170 178 160 243 187 175 204 205 223 232 195 160 187 156 186 162 248 167 237 219 224 236 196 225 248 200 232 242 188 248 164 239 184 203 202 171 170 240 238 223 165 242 230 171 203 207 221 158 169 231 233 233 236 250 235 189 237 190 250 243 198 218 171 230 222 212 231 239 210 169 247 162 184 169 208 238 160 180 177 196 234 228 227 212 225
187 157 190 224 167 189 235 246 251 179 203 225 155 204 247 231 238 204 255 239 225 203 222 196 253 184 212 168 208 163 225 246 214 215 190 209 196 170 197 235 166 172 188 246 160 167 160 231 186 220 252 179 228 228 201 239 191 249 226 238 233 222 192 243 209 212 165 196 169 192 190 222 162 174 228 207 170 232 190 240 179 237 237 243 166 201 172 241 169 206 172 202 199 214 157 200 236 200 192 203 156 220 216 249 185 184 172 208 155 249 224 215 213 241 214 252 240 204 232 222
195 180 181 219 175 243 178 203 172 182 227 225 195 243 238 215 175 244 213 237 184 220 240 175 238 213 245 213 255 161 215 186 224 184 163 232 193 253 229 198 161 224 190 229 176 255 175 226 157 255 231 252 247 250 234 230 195 161 236 217 254 220 203 166 223 196 155 165 234 161 176 178 170 169 231 215 184 166 255 239 193 173 210 155 185 219 195 230 205 188 192 187 171 166 200 196 176 179 160 236 254 164 247 252 233 208 236 232 173 174 201 183 161 253 179 235 164 202 237 221
155 181 216 201 224 245 161 158 225 190 193 159 161 174 240 183 181 213 177 232 238 219 211 186 242 164 180 174 243 220 186 229 198 156 235 228 204 201 183 243 202 233 161 239 236 196 176 243 168 251 209 207 179 159 176 192 225 184 214 215 220 242 171 159 158 220 217 160 194 166 235 235 185 190 185 160 212 227 206 200 243 193 160 248 166 235 204 194 235 198 158 174 243 223 178 215 217 157 236 170 235 171 203 157 170 229 176 245 230 171 235 253 234 168 228 181 237 178 249 228
171 178 181 252 162 215 248 218 166 225 199 210 247 190 221 226 246 158 232 193 214 214 219 218 218 160 196 229 251 253 234 193 163 212 255 212 246 206 250 211 236 214 234 159 228 180 161 199 203 156 190 233 202 211 220 212 214 218 189 157 174 173 222 168 247 161 201 190 190 164 236 194 164 176 212 255 236 214 246 193 255 253 181 250 217 155 246 208 247 198 253 182 172 248 191 217 247 220 168 222 234 227 163 193 175 252 224 181 254 221 232 155 228 251 158 177 248 228 207 252
170 248 198 248 166 208 177 172 240 250 162 170 200 179 214 183 244 243 229 221 187 219 210 181 222 253 210 176 244 168 225 174 168 178 206 242 183 171 182 222 229 207 196 158 213 216 210 203 192 231 188 159 254 241 213 206 193 172 181 168 253 155 183 226 180 244 157 177 228 227 255 228 216 161 247 235 178 206 224 160 198 161 239 168 236 221 176 182 220 155 203 165 246 168 225 229 179 226 234 225 214 188 231 221 231 216 198 247 250 234 183 242 204 175 226 247 171 169 246 241
222 230 212 228 179 245 238 203 192 172 211 208 228 255 201 164 186 173 193 174 177 184 187 242 227 216 217 225 197 233 212 164 235 174 157 239 231 157 196 241 234 251 209 232 177 231 169 205 230 216 215 253 231 227 192 192 198 225 156 218 183 168 160 214 216 201 228 209 252 217 189 183 232 207 196 181 230 211 220 252 201 166 250 236 173 214 189 163 237 220 196 161 156 234 213 220 245 251 171 231 157 216 208 167 182 187 175 178 185 165 217 242 160 160 171 171 173 179 196 220
167 220 227 187 176 182 181 254 250 231 192 235 195 245 249 241 214 237 209 242 193 165 233 226 157 209 156 252 217 197 201 221 209 169 218 193 244 176 247 255 160 177 184 210 229 238 202 171 166 186 212 191 226 210 218 156 243 156 184 222 181 184 191 207 184 227 181 180 181 211 252 192 246 209 236 171 237 178 252 175 162 240 241 186 240 165 250 255 207 217 205 243 247 180 229 231 241 233 180 157 212 177 246 211 189 174 201 172 229 201 175 220 159 164 214 196 199 160 222 226
232 181 228 219 160 164 201 220 235 160 186 159 253 250 219 240 250 184 253 220 219 232 181 160 197 241 238 238 221 187 186 236 165 160 180 185 204 181 206 180 229 236 192 223 170 170 222 165 201 230 201 170 163 156 210 255 155 223 177 174 181 219 255 203 229 206 249 247 224 188 190 224 233 228 247 238 195 213 246 181 173 228 191 247 241 171 228 163 206 181 185 237 159 186 254 165 237 245 250 220 176 231 197 167 194 233 192 190 165 228 215 197 232 251 155 209 182 162 217 240
234 240 196 197 158 208 219 202 229 236 155 205 219 180 160 198 186 179 207 163 235 192 254 233 221 243 159 164 185 200 239 230 182 191 241 192 189 255 164 242 168 246 216 184 227 164 234 207 246 213 178 158 211 209 234 197 242 218 232 171 203 210 171 184 253 181 178 182 194 223 163 186 170 221 250 245 231 224 161 212 163 208 174 228 176 236 173 229 213 199 205 226 178 248 193 214 229 187 187 200 242 207 167 177 204 247 243 246 215 245 221 172 212 175 163 250 191 199 162 226
163 204 224 251 173 192 163 177 182 190 170 199 192 217 225 211 196 252 178 185 248 183 168 224 234 188 169 157 240 198 178 185 179 170 192 192 239 171 159 166 238 221 218 180 229 177 236 250 205 207 208 194 175 233 179 235 191 255 172 240 178 160 193 239 166 241 174 176 180 187 228 179 248 167 202 181 221 244 251 211 207 175 208 188 246 240 165 201 246 212 156 239 255 174 244 233 183 235 168 244 157 214 225 173 234 183 201 162 185 254 169 202 159 216 188 157 208 159 249 229
231 229 186 223 185 244 180 229 178 225 254 242 231 162 208 249 205 189 209 217 193 157 170 248 197 210 235 194 242 241 179 178 241 241 168 184 183 156 243 245 158 227 239 216 255 183 227 252 162 195 208 173 206 187 244 228 213 193 180 231 164 241 243 193 201 231 155 245 250 179 220 204 202 219 213 222 173 210 249 169 239 238 187 202 188 160 227 209 252 195 226 245 231 166 236 173 240 201 170 179 183 237 157 238 230 159 227 243 229 177 210 158 200 166 248 181 209 196 160 234
158 202 248 209 208 231 228 190 239 195 237 228 195 224 242 156 235 204 227 184 189 240 235 230 240 223 199 220 174 209 219 198 196 230 176 236 244 203 185 255 186 191 159 189 195 238 218 232 180 246 202 160 224 231 161 173 222 173 225 240 186 163 171 184 231 193 187 220 203 160 168 186 174 228 253 254 236 200 189 157 159 223 194 184 162 214 230 220 224 157 168 226 234 200 223 178 174 230 214 156 206 254 183 174 232 170 241 252 234 162 192 177 239 222 236 219 224 243 177 225
219 222 252 201 247 198 207 230 160 230 234 161 242 187 207 161 194 174 207 247 228 234 242 216 220 247 242 167 219 159 209 187 208 197 193 239 157 238 183 189 218 166 246 158 184 186 191 206 170 229 179 204 190 185 198 241 236 190 236 255 211 195 165 156 176 201 208 199 250 223 159 212 247 172 184 217 243 238 186 188 211 190 252 246 235 159 253 177 254 208 157 222 156 183 233 177 156 245 238 239 234 247 212 202 225 222 213 172 156 237 254 254 158 202 199 176 198 174 176 225
204 185 200 197 221 192 211 219 194 161 215 253 155 203 210 219 233 205 176 168 202 235 176 171 209 159 219 209 239 212 234 237 224 222 190 203 201 170 237 187 166 249 233 250 176 155 254 210 248 235 198 249 254 163 224 224 163 184 243 216 229 156 235 238 182 234 183 188 168 161 173 218 224 244 156 209 156 182 250 208 161 163 217 159 169 241 238 216 254 221 194 172 183 175 214 165 169 251 222 198 228 220 197 241 217 236 179 165 161 170 223 237 189 189 210 220 195 231 224 234
252 223 190 202 223 155 190 203 184 247 195 160 215 207 236 197 222 231 197 188 216 228 209 238 254 213 239 249 221 250 225 193 182 180 202 159 184 250 173 216 200 232 236 170 230 217 176 237 209 167 254 219 188 190 236 178 168 207 204 164 172 196 237 190 176 156 234 189 160 231 167 227 213 237 244 240 247 194 163 192 192 157 195 208 251 161 159 247 200 178 246 232 201 164 199 159 250 200 250 229 238 242 231 233 155 182 161 207 202 251 187 230 199 167 228 170 156 184 194 225
252 242 245 238 240 191 180 203 192 239 245 201 200 189 209 205 181 217 208 224 255 208 200 205 247 171 187 189 192 184 157 221 160 235 232 251 253 249 248 219 156 213 169 218 160 241 185 165 213 177 244 194 231 226 170 199 197 195 247 224 158 247 166 163 237 179 195 220 212 213 208 188 225 244 223 196 193 238 199 160 241 177 231 169 195 219 245 190 220 188 209 213 156 179 216 164 202 161 237 237 200 220 208 255 224 211 225 242 157 229 160 214 251 241 238 236 170 252 223 226
189 160 155 179 159 251 186 200 182 213 250 187 155 218 216 175 225 231 201 239 249 158 187 246 182 250 217 171 196 236 249 205 193 219 202 194 219 183 251 229 180 179 214 199 234 229 214 188 180 217 166 195 206 239 179 186 228 165 252 164 189 169 159 202 220 200 249 192 170 176 212 196 236 228 214 224 199 244 167 209 191 183 247 234 225 209 255 209 195 170 222 209 187 241 194 165 175 166 235 189 236 176 173 158 160 225 214 234 180 210 243 240 253 198 229 161 178 180 233 223
200 194 252 255 209 157 164 250 188 203 204 187 163 233 228 169 165 243 229 255 250 175 184 241 183 238 212 244 167 188 243 251 189 224 244 196 180 173 204 158 216 219 200 232 161 210 231 174 225 214 251 190 207 233 171 180 165 166 227 227 200 175 238 255 216 208 254 195 245 187 245 248 193 225 194 185 230 207 234 228 162 192 174 208 192 207 199 211 208 219 186 168 201 233 213 195 237 201 171 208 212 190 185 193 225 158 253 237 194 241 205 213 188 254 220 163 156 185 217 223
164 197 243 180 155 231 201 216 166 255 204 184 191 181 170 227 161 236 238 189 210 217 172 222 169 229 236 203 168 205 194 207 239 161 199 170 203 159 192 249 213 191 226 194 192 175 176 161 238 248 156 175 202 183 210 203 180 175 166 182 251 253 203 217 215 253 201 185 237 155 178 157 198 244 232 173 246 233 185 249 207 229 220 175 203 173 159 211 207 251 246 182 249 165 254 215 244 163 235 195 230 247 180 238 224 255 232 213 207 191 212 202 246 172 231 177 188 182 169 234
248 245 233 242 165 252 163 188 246 171 185 238 254 246 174 215 204 238 206 203 196 202 158 170 194 198 192 231 190 232 181 216 250 193 202 240 169 193 227 228 246 199 222 190 161 229 204 155 254 170 228 206 232 221 155 200 241 218 202 223 214 188 253 169 245 224 243 216 198 189 201 165 165 233 212 253 235 224 163 220 250 192 232 174 158 231 240 183 193 157 254 206 247 159 168 213 201 208 201 193 242 243 212 220 224 218 195 254 164 157 221 172 209 238 229 177 211 233 166 224
240 215 178 196 190 250 174 161 220 255 206 182 178 226 234 161 235 167 206 195 191 241 174 190 191 236 253 164 186 247 156 223 196 187 208 181 220 171 184 230 199 189 189 164 206 194 250 238 158 223 198 199 182 226 233 254 195 243 159 209 252 164 230 228 253 239 241 246 173 207 196 218 238 232 252 157 207 164 239 252 242 170 160 219 203 212 195 226 210 209 242 232 166 231 233 189 214 216 167 223 209 158 219 206 181 235 217 206 230 231 202 185 159 162 223 237 159 166 179 234
198 169 191 219 221 219 206 161 254 218 198 246 253 170 198 238 206 209 192 224 251 245 252 234 162 211 228 159 163 251 184 203 191 227 180 194 223 155 241 218 184 210 207 166 187 211 188 244 220 240 185 205 229 211 200 209 173 212 211 165 246 202 254 158 188 251 209 181 246 159 170 205 224 230 194 195 192 240 202 207 178 240 194 178 220 235 229 236 182 227 175 165 199 230 227 237 212 204 234 192 156 161 254 216 225 235 236 255 171 159 171 189 165 159 243 161 162 231 193 239
177 229 255 174 239 159 161 250 157 212 239 243 160 164 205 171 241 234 208 240 254 229 219 177 210 242 255 195 243 220 230 236 165 180 170 182 162 235 232 221 229 242 252 215 176 183 183 156 209 227 175 183 177 208 210 203 165 232 219 253 160 222 162 193 238 157 233 235 250 177 163 161 157 243 166 166 233 159 156 181 213 254 241 170 200 202 213 213 226 222 172 185 170 235 215 162 235 214 232 173 206 204 161 187 218 168 180 190 197 198 226 161 231 192 194 162 236 247 249 232
199 174 164 182 160 234 247 178 182 158 187 173 182 238 231 164 247 209 208 186 176 178 170 182 252 166 209 234 195 208 181 244 221 196 229 186 194 235 181 240 177 157 162 194 166 207 234 249 217 185 171 182 193 217 169 176 159 237 185 250 179 168 238 230 232 198 208 241 163 199 225 166 182 224 163 173 170 232 171 200 187 216 171 164 191 255 205 158 181 208 182 213 204 187 215 164 175 188 217 223 254 248 240 173 216 159 255 225 209 252 161 182 220 241 217 219 252 228 193 247
249 204 215 211 171 166 218 251 163 254 254 238 169 203 201 194 232 254 204 187 255 235 205 185 202 255 248 219 225 252 168 202 250 240 230 205 188 183 156 204 196 159 217 210 254 178 168 172 194 178 242 254 178 161 233 168 255 184 164 171 174 254 181 166 241 206 244 185 229 252 160 203 252 155 246 251 173 250 186 178 242 231 180 202 164 169 178 244 161 216 205 158 173 240 184 197 234 205 225 203 190 238 198 197 172 194 156 178 170 238 251 160 254 242 185 198 229 234 157 245
182 255 178 167 202 157 185 166 226 203 172 223 180 239 244 158 187 238 185 226 167 155 229 179 221 200 160 187 210 242 224 255 203 254 175 190 215 186 251 169 164 246 207 222 220 182 235 169 254 181 165 246 204 187 213 182 181 255 201 156 252 253 212 240 235 173 175 181 219 208 199 156 243 170 217 177 203 161 214 194 220 247 189 183 231 233 205 170 196 249 163 216 240 249 173 166 188 223 242 202 161 209 206 200 238 164 158 189 225 190 234 175 195 161 192 160 219 184 163 220
223 160 241 225 200 239 171 249 252 205 245 236 175 166 188 165 195 244 200 222 229 171 201 160 170 244 175 234 212 168 202 159 214 240 235 156 224 236 155 255 248 164 192 175 201 253 255 183 229 181 220 230 239 196 183 207 215 235 210 211 218 193 192 239 157 240 176 190 187 187 197 215 244 201 230 219 234 180 214 172 244 247 160 186 203 228 175 173 211 183 197 244 181 199 191 209 228 208 172 216 232 220 252 196 239 160 241 193 222 219 228 189 176 193 222 227 188 160 191 230
220 158 234 159 246 209 189 199 165 175 246 180 163 253 195 179 251 219 202 198 242 238 206 248 210 162 223 243 232 220 176 222 172 242 252 229 241 247 205 185 227 197 183 202 228 202 180 178 253 198 231 224 214 248 198 238 207 242 204 238 241 201 223 200 254 178 162 177 155 222 194 158 168 171 227 200 209 159 174 162 238 199 246 189 244 208 163 180 198 169 176 254 198 223 199 180 229 238 203 204 195 158 177 186 158 227 210 198 176 254 183 203 223 197 255 197 211 188 212 236
170 238 234 242 200 196 216 201 227 201 226 227 211 225 223 235 176 214 185 172 253 221 159 200 242 228 185 156 223 157 225 196 181 157 189 212 180 191 242 218 166 164 226 230 182 211 248 254 229 175 176 252 158 195 203 205 234 188 255 227 165 215 233 225 231 185 201 208 191 165 210 240 228 222 161 244 250 184 173 186 236 187 182 203 237 229 193 241 210 239 234 247 192 169 208 206 186 156 255 253 164 195 217 219 221 191 179 191 189 215 211 205 170 224 247 234 187 185 243 220
248 215 254 207 187 218 203 213 169 210 212 248 185 175 176 196 225 219 237 200 204 156 207 250 183 184 232 223 178 230 173 155 168 252 160 204 196 165 186 157 243 222 177 234 157 218 174 250 202 206 163 224 203 198 209 246 162 158 179 157 242 236 190 195 191 211 235 188 170 227 255 215 187 235 212 238 235 229 247 221 164 237 175 228 221 205 207 226 198 169 196 192 241 184 171 162 186 237 197 201 239 242 235 230 206 204 191 224 241 226 166 189 166 214 249 159 215 217 229 251
159 163 246 155 186 217 229 158 218 205 206 253 186 201 238 178 157 200 176 172 168 238 241 227 158 162 181 182 191 167 203 224 163 210 197 230 251 234 199 245 230 188 161 191 175 168 157 221 232 225 157 169 196 212 229 176 178 174 252 178 191 202 222 206 156 237 245 232 158 162 183 178 156 187 197 235 232 204 207 246 159 215 205 221 164 189 183 206 237 176 206 231 237 175 208 182 221 210 189 193 179 181 218 224 197 234 168 164 169 250 199 229 223 161 174 232 252 156 196 244
209 193 250 237 212 207 196 236 234 170 168 176 170 168 222 233 252 237 179 186 176 174 191 243 232 232 163 230 156 232 185 220 169 222 240 241 186 236 167 246 192 187 186 255 236 177 214 209 195 196 235 170 232 165 202 190 157 162 159 235 198 221 234 156 240 204 162 203 184 236 202 170 224 189 249 244 243 192 161 210 173 209 190 216 252 169 243 159 175 205 239 179 231 188 202 227 208 184 170 187 170 166 180 214 250 220 202 198 171 213 202 221 155 205 216 245 186 173 159 245
216 157 182 235 253 178 194 191 242 177 190 214 176 230 194 162 184 231 221 187 223 199 243 218 157 172 178 181 227 213 195 189 179 201 226 168 239 201 216 227 180 165 211 250 177 243 199 181 166 209 215 211 208 228 156 171 169 220 232 235 255 168 219 184 237 155 189 231 158 181 178 239 169 250 162 212 243 249 195 170 229 252 169 172 253 240 237 207 199 209 254 173 224 236 227 166 202 182 167 176 209 224 177 241 186 232 196 213 220 199 184 176 180 217 161 157 255 202 187 255
173 238 186 204 183 160 169 188 178 252 165 216 237 173 217 160 230 184 242 176 199 179 242 155 180 232 249 162 230 224 166 255 250 169 157 226 193 228 213 180 217 162 190 224 189 223 194 161 255 156 183 226 215 166 209 250 251 186 179 206 166 161 214 209 240 165 221 222 170 246 222 157 226 216 214 191 244 173 221 213 193 242 162 228 196 196 194 239 216 163 231 161 204 162 169 211 203 236 240 178 156 228 246 164 189 181 255 255 208 172 160 233 220 221 167 180 254 241 168 235
227 238 161 162 170 216 208 219 202 158 243 162 188 198 211 221 251 254 194 169 197 195 186 198 157 253 197 238 250 245 212 218 223 197 207 174 221 239 250 229 228 190 208 204 184 253 199 176 165 202 184 155 202 254 155 186 206 218 159 172 173 226 225 212 201 180 195 247 247 191 255 167 159 220 197 161 243 237 168 159 209 175 228 202 215 212 170 224 196 175 224 158 234 232 210 156 221 251 158 159 213 207 185 229 203 172 252 237 212 249 199 224 204 155 219 254 254 177 253 252
164 226 206 227 223 252 188 182 164 195 196 248 234 164 202 156 246 254 255 198 216 188 167 202 232 255 209 234 168 212 158 198 254 168 250 242 156 214 161 207 239 224 228 171 208 207 246 195 208 217 162 255 178 209 184 232 214 159 251 223 197 210 168 208 191 253 250 220 170 216 155 187 248 203 215 247 216 251 249 179 164 169 181 207 205 159 175 199 240 173 183 252 219 193 164 184 211 174 236 210 213 180 179 248 217 231 162 231 249 193 170 218 165 226 214 183 183 217 158 231
233 205 236 252 188 158 224 210 193 185 191 196 170 194 222 239 245 189 245 229 253 199 206 202 157 220 242 248 234 236 155 249 171 203 232 163 200 183 214 214 162 208 192 218 157 229 202 227 158 231 193 250 228 184 190 189 255 189 250 223 172 231 231 212 185 197 180 223 217 214 193 217 230 186 222 200 161 243 199 183 172 169 244 158 197 161 176 243 168 198 163 166 188 246 197 186 232 235 188 215 204 235 165 200 192 232 175 196 217 246 182 167 245 221 206 157 242 228 170 228
175 192 209 173 205 182 183 239 245 190 223 182 209 240 235 192 159 199 221 221 241 235 180 177 170 252 176 223 195 194 199 159 220 164 194 167 180 247 250 164 204 191 207 181 177 155 213 160 242 168 254 198 161 204 193 196 167 186 158 208 160 215 198 205 247 219 217 199 200 223 166 168 204 211 171 205 183 254 155 170 193 171 237 182 196 156 253 170 227 254 255 249 244 196 158 244 248 156 190 214 194 169 215 174 156 240 249 205 187 243 167 169 186 243 169 245 233 171 164 252
221 201 228 201 223 172 180 162 207 183 212 181 218 196 232 179 212 218 180 211 162 202 239 239 241 241 218 155 181 169 165 231 248 200 248 248 196 168 206 239 215 241 253 159 186 242 206 246 166 245 187 170 247 209 238 173 218 244 216 237 210 179 236 192 172 236 189 173 204 239 239 198 167 196 251 176 205 234 208 255 190 228 244 192 238 251 240 194 218 229 185 208 208 224 184 190 160 215 243 205 208 188 197 182 161 245 158 206 213 217 224 239 191 217 202 238 191 199 210 227
252 250 211 230 209 186 246 198 166 215 171 245 246 158 201 156 186 217 185 249 248 188 236 155 160 201 171 247 176 201 255 216 160 222 208 213 233 222 229 231 254 215 194 253 200 235 249 187 170 201 207 229 169 217 183 218 169 210 224 162 169 254 176 221 216 210 240 179 205 243 179 219 243 209 250 187 250 239 211 180 208 239 231 231 250 180 202 198 193 245 199 178 253 221 217 255 193 229 192 245 251 224 238 182 177 244 242 215 223 251 224 185 255 199 210 185 178 201 226 232
163 196 241 215 199 155 221 177 248 250 249 175 201 221 185 239 156 204 209 160 194 242 231 197 176 168 179 209 165 186 232 248 157 157 237 209 239 177 239 176 178 219 223 228 157 203 239 188 168 227 183 229 248 220 251 177 220 199 194 185 232 166 166 216 172 156 173 199 239 231 255 234 221 188 238 230 174 158 195 228 185 246 195 194 158 158 155 192 161 214 244 195 239 208 199 166 208 161 210 155 185 194 204 193 227 204 163 215 238 175 158 217 158 222 155 242 226 228 213 225
155 237 193 180 242 215 251 167 244 227 177 167 203 194 197 246 196 157 222 209 250 196 210 241 211 181 191 171 208 212 196 235 204 196 255 204 156 179 206 166 209 252 226 165 254 246 169 219 179 165 201 223 161 159 175 215 181 207 224 216 179 235 215 186 186 197 219 161 194 249 244 171 207 210 155 254 225 199 242 221 167 227 248 197 166 228 229 200 175 195 177 204 210 246 243 229 191 194 235 212 182 162 179 185 176 184 171 206 158 177 245 238 220 158 203 207 243 172 175 241
223 174 241 255 226 194 216 216 222 181 217 186 219 185 193 159 202 217 175 238 211 178 196 254 205 195 239 207 197 191 242 173 174 176 244 162 176 180 214 238 223 211 239 233 216 214 173 190 220 199 159 180 253 192 157 200 233 243 205 186 210 164 174 186 194 198 166 197 197 186 238 177 157 193 169 155 194 219 193 246 176 204 242 253 186 216 176 237 173 198 185 189 230 183 182 214 191 208 193 172 202 231 248 189 217 238 178 214 177 157 161 169 205 214 164 161 177 176 255 248
176 185 179 254 155 203 202 229 166 211 219 241 180 175 198 201 212 208 190 204 193 218 215 171 192 170 240 170 173 176 191 169 208 215 252 172 207 249 188 169 190 204 203 221 194 175 244 184 170 219 204 225 242 206 195 214 225 163 217 241 219 186 211 245 175 204 187 220 179 181 249 218 174 176 169 244 169 249 233 172 181 210 255 209 227 221 183 157 174 192 202 199 187 203 205 158 249 213 201 245 243 179 160 245 226 242 206 220 191 207 200 232 185 199 214 163 187 156 173 239
176 185 200 242 234 205 185 226 227 166 250 211 203 243 184 157 205 165 239 241 170 219 221 223 248 226 168 243 245 196 227 248 195 247 223 213 234 174 166 175 211 235 249 180 213 244 183 197 170 211 214 176 172 188 194 212 219 233 249 162 191 197 237 185 194 157 171 212 175 227 179 185 254 218 184 190 226 196 165 159 197 226 228 188 238 205 230 161 207 165 249 155 180 158 239 168 254 218 242 210 228 227 177 199 187 183 178 209 159 158 242 178 223 245 220 221 225 203 203 252
182 164 159 164 233 179 160 250 234 170 192 162 210 210 186 226 203 184 156 209 181 175 157 204 179 226 188 191 194 173 199 205 170 252 183 219 222 168 221 163 178 184 231 244 221 235 224 167 213 250 173 195 202 249 218 161 161 211 240 161 246 224 211 216 226 243 247 213 182 223 158 189 218 249 186 253 200 169 238 199 157 175 233 199 155 159 158 177 188 176 213 166 183 215 172 209 228 169 173 233 243 165 241 246 246 239 233 208 218 220 217 247 228 196 159 226 247 166 215 244
240 225 179 160 165 248 160 157 232 232 180 185 252 159 211 247 189 242 208 172 181 205 215 224 215 221 193 243 211 202 217 217 209 206 249 173 242 235 236 254 233 230 232 241 195 186 251 223 240 167 191 159 213 198 195 190 164 211 201 200 209 173 202 185 170 218 232 200 166 192 160 210 161 209 194 207 228 230 183 183 225 225 158 199 165 213 158 165 166 213 164 185 188 191 200 215 182 202 226 232 210 206 212 202 161 237 254 158 159 244 217 190 182 173 230 239 170 158 174 240
215 221 189 208 183 231 176 225 164 235 179 181 159 206 229 173 168 211 192 184 214 255 161 177 252 229 157 170 216 216 199 179 182 167 172 244 172 158 173 186 215 183 250 179 219 190 186 232 199 211 226 214 221 246 254 215 214 166 212 210 228 161 164 204 190 155 255 247 188 240 156 164 192 161 224 186 160 238 214 216 198 181 226 160 245 241 213 192 169 213 185 160 201 219 214 209 174 201 245 218 191 195 198 214 209 216 176 215 176 223 209 232 207 251 167 201 190 159 214 237
197 217 232 231 210 252 219 229 203 170 166 215 248 251 180 158 238 166 206 184 219 254 171 202 158 209 209 206 206 167 174 170 242 194 176 229 218 223 159 213 253 203 166 160 211 250 239 212 225 164 219 178 208 184 242 198 201 185 227 156 198 167 177 191 252 252 228 209 230 207 195 170 162 248 186 171 243 165 246 164 225 253 236 197 203 251 217 212 208 233 182 187 251 158 170 241 180 231 164 215 176 185 237 173 224 204 170 215 254 225 211 191 194 218 186 200 186 236 243 220