169 181 172 187 181 178 174 198 185 173 181 172 170 161 181 191 195 182 168 180 176 183 170 182 181 182 183 176 176 180
168 189 188 177 180 184 168 183 171 171 175 170 176 189 170 169 172 187 175 170 193 169 171 174 194 167 184 172 181 180
182 180 170 177 181 170 177 174 177 187 182 174 161 160 195 175 170 162 197 175 170 181 180 183 175 178 169 191 182 180
170 177 180 178 170 187 173 189 176 176 170 191 177 186 193 170 177 170 185 189 178 171 176 165 176 160 170 182 176 184
182 173 171 185 170 184 176 176 176 167 185 179 173 163 183 177 170 176 172 180 181 191 177 188 167 177 179 182 179 190
174 187 172 169 189 172 174 174 174 163 172 176 170 165 173 168 164 185 185 185 189 179 174 180 179 178 202 175 175 188
183 174 185 171 190 174 167 188 180 176 176 179 183 166 172 175 195 172 169 169 174 174 180 178 179 174 170 180 181 171
168 168 190 163 164 168 178 179 164 167 166 192 173 184 192 171 176 169 171 173 180 180 191 184 175 173 171 170 166 196
183 173 168 183 174 176 185 171 177 168 185 179 173 166 173 177 178 170 167 185 171 169 169 175 182 175 175 171 175 176
187 180 170 167 170 174 176 181 174 179 173 165 170 186 178 191 194 179 182 173 168 172 167 178 172 172 194 195 169 174
184 164 172 167 176 170 179 179 197 179 172 164 189 164 186 176 174 176 179 182 193 177 189 172 187 186 181 176 178 177
169 170 173 199 175 177 194 174 171 177 185 180 181 180 174 174 178 169 172 179 175 166 176 166 179 182 185 188 193 168
178 166 171 179 185 172 167 179 173 191 189 174 183 159 170 168 175 167 178 179 171 195 174 164 171 171 193 176 167 185
177 171 180 175 188 181 174 185 171 171 171 157 171 198 175 166 187 182 170 185 170 174 175 173 172 183 173 174 178 174
172 185 176 177 180 180 187 181 174 178 178 167 175 179 182 169 168 175 180 188 180 172 175 187 182 185 163 181 176 176
169 180 179 175 167 188 183 171 171 177 183 172 168 175 177 171 181 174 169 176 176 191 171 167 185 172 178 172 171 166
184 184 179 162 175 175 174 180 175 180 171 169 171 177 166 182 178 179 197 172 175 180 172 164 181 177 182 176 183 188
173 187 166 179 172 181 176 187 176 170 184 170 177 175 180 181 168 174 176 179 172 179 188 178 183 175 172 168 183 195
176 166 174 180 183 180 171 175 168 188 172 179 172 190 175 166 163 176 171 182 173 178 170 178 168 173 181 175 174 179
187 166 169 179 176 178 169 187 175 181 178 167 177 169 169 174 187 182 186 186 174 170 190 170 178 169 180 176 162 172
183 179 177 169 186 174 177 179 182 169 171 187 172 179 184 165 173 171 179 180 180 169 168 174 172 175 172 172 165 174
183 176 181 172 188 187 180 187 184 184 174 169 181 179 170 166 182 168 190 177 172 179 180 165 180 181 165 171 182 177
189 165 184 171 185 176 184 174 185 172 188 168 177 180 171 187 205 173 178 180 171 174 189 173 182 183 191 172 169 171
177 163 170 167 199 179 183 185 180 174 170 173 178 171 168 168 188 162 170 170 178 179 172 176 188 176 172 165 173 173
166 181 182 172 186 171 172 172 174 177 172 185 177 185 193 195 173 166 175 169 185 180 186 176 186 174 172 185 179 178
168 182 174 172 180 181 172 174 172 179 178 167 170 173 166 185 177 170 174 187 169 184 180 177 179 173 186 181 162 175
179 173 177 172 183 181 173 176 171 173 178 179 165 174 177 170 184 170 180 171 168 176 165 174 172 170 181 173 164 174
184 170 179 180 171 179 166 173 166 178 182 172 176 178 174 172 176 185 185 173 188 172 188 184 166 183 174 171 176 184
179 182 171 172 181 182 176 182 183 171 193 180 170 172 179 181 168 181 169 178 189 172 169 169 196 180 177 162 167 178
172 166 174 169 173 167 172 173 174 166 176 188 174 187 163 170 188 166 174 175 177 162 174 178 179 181 177 182 181 169
