233 233 221 237 235 225 240 242 241 236 245 233 216 208 241 236 237 238 233 234 234 233 230 234 229 233 237 216 242 241
234 254 240 230 230 235 233 249 236 233 231 239 236 243 230 228 236 233 239 226 247 221 230 218 232 221 246 236 244 248
234 230 230 233 240 232 233 239 245 231 231 232 223 216 245 240 224 224 243 235 228 232 225 243 225 237 219 236 248 239
231 245 235 230 232 222 227 239 240 231 232 239 239 234 233 226 237 236 245 247 236 231 228 227 235 226 231 239 232 243
234 229 221 243 234 234 246 238 224 224 237 238 219 211 237 227 231 244 232 232 245 241 244 235 230 237 234 234 227 241
224 234 236 231 239 213 226 227 234 221 232 226 243 237 223 228 228 243 235 241 240 241 228 243 231 236 236 233 237 236
230 240 243 239 237 226 228 242 236 235 226 237 241 221 242 223 243 234 233 221 230 238 246 232 231 240 224 228 241 233
224 220 230 233 218 212 228 236 220 221 234 236 242 236 233 235 226 221 229 221 239 228 243 228 235 240 227 220 224 248
245 229 226 243 238 244 230 215 237 228 239 229 227 223 227 231 232 239 226 244 238 238 229 227 236 238 241 226 224 241
241 234 212 221 228 218 242 230 230 229 237 233 223 244 230 251 250 236 236 227 234 219 221 253 241 230 247 240 223 235
242 237 244 213 239 230 230 242 246 228 230 228 238 235 248 234 240 210 232 234 248 239 233 230 241 237 224 245 230 239
225 234 237 243 227 235 242 233 227 233 237 242 235 230 230 232 248 229 220 221 242 211 228 228 236 240 239 245 239 232
230 237 232 240 243 234 228 239 229 239 232 236 237 225 232 216 229 221 236 241 231 237 236 220 227 229 235 244 238 243
223 223 232 240 242 235 237 241 233 225 217 215 223 243 235 218 249 239 212 235 224 238 223 243 226 237 246 226 245 228
238 239 226 241 238 238 232 237 238 236 240 231 236 230 239 236 240 231 244 244 230 236 231 238 242 232 212 233 232 233
227 228 232 241 233 234 241 219 232 231 238 229 230 235 235 222 239 225 233 238 223 225 237 233 230 214 238 234 240 226
243 238 235 224 224 234 237 242 237 244 228 226 225 241 230 234 229 243 241 235 234 235 234 224 236 223 246 217 239 238
233 243 230 237 236 233 238 237 228 227 248 236 240 235 238 232 234 228 236 233 239 235 236 236 230 232 236 232 231 230
236 228 233 234 240 221 231 239 231 240 230 233 238 245 223 232 226 236 233 236 246 230 226 234 231 238 237 241 240 241
230 225 230 243 232 236 235 229 233 248 234 224 231 227 231 221 239 233 240 242 238 238 232 235 240 225 234 229 226 222
238 231 239 229 233 236 234 229 236 242 231 239 218 233 240 222 227 227 237 240 232 234 238 238 238 237 234 243 223 230
247 226 241 218 230 243 240 238 235 242 234 232 239 233 232 230 236 216 237 239 234 242 229 211 242 237 225 233 240 232
247 234 242 235 244 230 238 232 239 227 228 229 239 232 227 249 249 234 238 238 229 220 247 236 228 234 243 220 234 227
231 233 243 225 241 244 247 241 232 234 228 237 230 216 236 239 242 230 241 229 237 235 218 228 228 243 236 230 237 240
236 235 237 236 234 237 234 229 238 240 230 245 238 229 246 243 233 216 233 221 241 234 245 222 240 224 230 229 237 226
239 228 230 220 235 239 232 224 232 239 239 227 220 223 237 237 237 232 236 242 226 244 231 231 215 229 230 233 228 244
239 226 240 226 247 229 243 242 239 227 224 234 235 230 241 220 238 234 230 238 227 226 226 227 232 229 241 232 226 245
236 222 239 234 221 241 232 231 232 239 238 234 237 236 226 228 230 239 240 239 239 245 244 242 229 228 240 231 238 232
245 232 229 220 229 232 232 234 242 228 239 234 214 227 233 227 207 239 237 236 244 228 211 228 245 240 222 227 220 246
226 235 227 236 222 225 227 211 234 231 239 236 228 237 214 218 247 219 234 235 236 228 219 226 231 231 236 234 233 235
