169 233 169 169 233 233 233 181 221 172 172 172 187 237 237 187 235 235 235 235 178 178 225 178 174 240 240 174 198 242 242 198 185 241 185 241 236 173 236 236 245 181 245 245 172 233 172 172 216 216 170 170 208 208 161 208 181 241 241 241 236 191 236 236 195 237 237 195 182 238 238 238 168 168 233 233 180 234 180 234 234 234 234 176 233 233 183 233 230 230 230 230 182 234 234 234 229 181 181 229 233 233 182 233 237 183 183 183 216 216 176 176 242 176 176 242 241 180 241 241 
169 169 233 233 181 233 181 181 172 172 221 221 237 187 237 237 181 181 181 181 225 225 178 178 240 174 240 174 198 242 242 198 185 241 185 241 236 236 173 236 181 245 181 181 233 233 233 233 170 170 216 216 161 208 161 208 241 181 181 241 191 236 191 191 195 195 195 237 182 238 238 238 233 233 168 233 234 180 180 234 176 176 176 176 183 183 183 233 230 230 170 230 234 182 234 182 181 229 229 229 182 182 182 182 183 237 237 237 176 216 216 216 242 176 242 242 241 180 180 241 
233 233 169 233 233 181 181 181 221 172 172 172 187 237 187 187 181 235 181 235 225 225 225 178 240 174 240 174 242 242 198 198 185 185 241 241 236 236 236 173 181 181 245 245 172 233 172 172 170 170 216 170 161 208 208 161 181 241 241 181 191 236 236 236 237 237 237 237 182 182 182 182 233 168 168 168 234 234 234 180 234 234 176 234 183 183 183 233 170 170 230 170 234 182 182 234 181 181 181 229 233 233 233 233 237 183 183 237 176 176 216 216 176 176 176 242 241 180 180 241 
169 233 233 233 233 181 181 233 221 221 221 172 187 187 237 187 235 181 235 235 225 178 225 225 240 174 174 240 242 242 242 198 241 185 185 241 236 173 236 173 245 245 181 245 172 172 172 233 216 170 216 170 208 208 208 161 181 241 241 241 191 236 236 236 195 195 195 237 238 182 182 238 233 168 168 168 234 234 180 234 234 176 176 234 233 233 233 183 230 170 170 170 182 234 182 182 229 229 181 229 233 182 233 182 237 183 183 183 216 176 176 216 176 176 242 176 180 180 241 241 
234 168 168 234 189 189 189 254 188 240 188 188 177 230 230 230 180 230 230 180 184 235 235 235 168 233 233 168 249 249 249 183 236 171 236 236 171 171 233 233 175 175 175 231 239 239 170 239 176 176 236 176 243 189 243 189 170 170 230 230 228 169 169 169 236 172 172 172 233 187 233 187 175 239 175 239 226 170 226 170 193 247 247 247 169 221 221 221 230 230 171 230 174 174 174 174 194 232 232 232 221 167 167 167 184 184 184 246 172 236 236 172 244 181 181 244 180 180 248 248 
168 234 168 234 254 254 254 254 240 188 188 240 177 177 230 177 230 230 180 230 184 184 184 184 168 168 168 233 249 183 249 183 236 171 236 236 233 171 171 233 231 175 175 231 170 170 239 239 176 236 176 176 243 189 189 243 230 170 230 230 228 169 169 228 172 236 236 172 187 233 187 233 239 239 175 239 170 226 170 226 193 193 247 193 169 221 169 221 171 230 171 230 174 218 218 174 194 194 232 194 167 221 167 167 184 184 246 184 172 172 236 236 244 244 244 181 180 180 180 248 
168 168 168 234 189 189 189 254 240 240 188 188 230 230 230 177 180 230 230 230 235 235 184 184 233 168 168 168 249 183 183 183 171 171 171 171 171 233 233 171 231 231 175 175 239 170 170 170 176 236 236 236 189 189 243 189 230 230 230 170 169 169 169 228 236 172 172 236 187 187 233 233 239 175 175 239 226 170 226 170 193 193 247 247 221 169 221 169 171 230 230 230 218 218 218 218 232 232 194 232 167 167 167 221 246 184 246 246 172 236 236 236 181 181 244 244 180 180 248 248 
234 168 234 234 254 189 189 189 240 240 188 240 230 230 177 177 230 180 180 180 184 235 235 184 233 233 233 168 183 249 249 183 236 171 171 171 171 171 233 233 231 175 175 231 239 239 239 170 176 236 176 176 189 189 243 243 170 170 170 170 228 169 228 228 236 236 172 172 233 187 233 187 175 175 239 175 226 170 226 226 247 193 247 247 221 221 169 169 171 171 230 171 174 218 174 218 194 194 232 232 221 221 221 167 246 246 246 184 236 236 172 172 181 181 181 181 180 248 180 248 
234 234 182 234 180 230 180 230 230 170 230 170 177 177 233 177 240 240 240 240 232 232 232 170 233 233 233 233 239 174 174 239 177 245 245 245 187 231 231 187 231 182 182 231 174 174 232 174 161 223 223 223 160 216 160 216 195 245 245 245 240 175 240 240 170 170 170 170 224 162 162 224 197 197 243 197 235 175 175 235 228 170 228 170 232 181 181 232 225 225 225 225 243 243 183 243 225 225 175 175 237 178 237 178 219 219 219 219 191 236 191 191 248 182 248 182 180 239 180 239 
182 234 182 182 230 230 230 180 170 170 170 170 233 233 177 233 181 181 240 181 170 170 170 170 233 177 233 233 239 239 174 239 177 245 245 245 231 187 231 231 231 182 182 182 232 174 232 232 161 223 161 161 160 216 216 216 195 195 245 195 240 175 175 175 224 170 224 224 162 162 224 162 197 243 243 243 235 235 175 175 170 228 228 228 232 181 232 232 180 180 225 180 183 183 243 183 225 175 175 175 237 178 237 237 219 219 219 169 191 191 236 236 248 182 182 182 180 239 180 239 
234 234 182 234 230 180 230 180 230 170 170 230 177 177 233 177 240 240 240 240 232 170 232 232 233 233 177 177 239 239 174 239 245 245 245 177 231 187 187 187 182 182 182 231 174 174 174 232 223 161 223 161 160 216 160 216 245 195 195 245 240 240 175 175 170 224 224 224 224 162 224 224 243 197 197 197 235 235 235 175 228 228 170 228 181 232 232 232 225 180 180 180 183 183 243 243 225 175 225 225 237 237 178 237 219 169 219 219 236 191 191 236 248 248 182 182 180 239 180 239 
234 182 234 182 230 180 180 180 230 230 230 230 177 233 233 233 181 181 181 181 170 170 232 170 233 177 177 177 239 174 174 174 177 177 245 177 231 187 231 187 231 182 231 182 232 232 232 174 161 223 161 223 160 160 160 216 195 195 195 195 175 240 175 175 170 224 224 170 224 162 162 224 243 243 197 243 175 175 235 175 170 170 170 228 181 181 232 181 180 180 180 180 243 183 183 243 175 225 175 225 178 178 178 237 169 169 169 169 236 191 191 236 182 182 182 248 180 239 239 239 
170 231 231 231 245 245 245 245 235 235 235 235 178 230 230 230 232 232 170 170 187 187 187 222 227 173 173 227 239 189 189 189 240 176 240 176 231 231 231 176 170 170 232 232 239 239 191 191 177 239 177 239 186 234 186 234 193 193 233 233 226 170 170 170 177 177 237 177 236 236 170 170 185 245 245 245 247 189 189 247 236 236 178 236 171 231 231 171 228 176 176 176 165 165 227 165 176 176 235 176 226 226 226 226 231 170 170 231 239 182 239 239 176 232 232 232 243 184 184 243 
231 231 170 170 245 245 177 177 180 235 235 180 230 230 230 178 170 232 170 170 187 187 187 187 227 173 173 173 189 239 189 239 176 240 240 176 176 176 176 231 170 170 170 232 239 191 191 191 239 177 239 177 186 234 234 186 193 233 233 193 226 226 226 226 237 237 177 237 236 236 170 236 185 185 185 185 247 189 247 189 178 236 178 178 171 231 231 171 176 228 228 228 227 227 227 165 176 235 176 235 160 226 226 226 170 231 231 170 239 182 182 239 176 176 176 176 184 243 243 243 
170 231 170 170 177 177 177 245 180 235 235 180 230 178 178 230 232 232 232 170 187 222 222 222 173 227 227 173 189 239 239 239 176 176 176 176 176 176 231 231 232 232 232 170 239 239 191 239 177 239 177 239 234 186 186 234 193 233 233 193 170 170 226 226 237 177 237 177 236 170 170 236 245 245 245 245 247 189 247 189 178 236 236 178 171 171 231 231 176 228 228 176 227 165 227 165 235 176 176 235 160 160 160 160 170 231 231 170 239 182 182 239 232 232 176 176 184 184 184 243 
231 170 170 170 177 177 177 245 235 180 180 180 178 178 178 178 170 232 232 232 187 222 187 222 227 227 227 227 239 189 239 189 176 240 176 240 176 176 231 176 232 232 170 170 191 191 239 191 177 177 177 177 186 234 186 234 233 193 193 233 170 170 170 226 177 237 177 237 170 170 236 170 185 245 245 185 189 247 189 247 178 178 236 236 171 231 171 171 176 176 176 228 227 227 165 227 235 235 235 235 160 160 160 226 170 170 170 231 239 239 182 182 176 232 232 232 184 184 184 243 
182 182 182 234 173 173 173 173 221 171 221 221 243 185 243 185 170 170 234 170 184 184 184 234 246 246 246 176 176 176 176 238 176 176 176 224 224 167 167 167 237 237 185 185 179 179 179 238 219 219 219 173 211 211 163 163 237 237 237 183 177 177 177 227 170 231 231 231 244 176 176 176 232 232 172 232 180 232 232 180 245 181 181 245 191 241 191 241 244 177 177 244 188 235 235 188 230 230 167 167 177 177 237 177 179 179 234 234 182 182 234 234 179 179 227 179 241 190 241 241 
234 234 234 234 173 229 229 229 171 221 221 221 243 185 185 185 234 234 234 170 184 234 234 184 176 176 246 246 176 238 238 176 224 224 224 224 224 167 224 224 185 237 185 185 238 179 179 238 173 173 219 173 211 211 163 211 237 183 183 237 227 177 227 177 170 170 170 231 244 244 244 176 172 172 232 232 180 180 232 180 245 245 245 181 241 191 241 241 244 244 244 244 235 188 235 188 167 167 167 230 237 237 237 177 179 179 234 179 182 182 234 182 227 227 179 227 190 190 241 241 
182 182 234 234 173 173 229 229 221 171 221 171 185 243 185 185 170 170 234 234 234 234 234 184 176 176 176 176 176 238 176 238 224 176 176 224 224 167 167 167 237 237 237 237 238 179 238 238 173 173 219 173 211 163 211 211 183 183 237 237 227 177 227 227 170 231 231 170 244 244 176 244 172 232 232 232 180 180 232 232 181 181 245 181 191 241 191 191 244 177 177 177 188 235 188 188 167 230 230 230 237 237 177 237 234 234 234 234 182 234 234 182 227 227 179 227 190 190 190 241 
234 182 182 182 173 229 229 229 221 171 171 171 185 243 185 243 170 170 170 170 184 234 234 184 246 246 246 246 176 176 238 238 224 176 176 176 224 224 167 167 185 185 237 185 238 179 238 238 173 219 219 173 163 163 163 163 183 183 183 183 227 227 177 177 170 170 231 170 244 176 244 176 232 172 172 232 232 232 180 232 245 181 181 245 241 241 241 191 177 177 244 244 235 188 188 188 230 230 167 230 237 237 237 177 179 179 179 179 234 182 182 234 227 227 179 179 190 190 190 241 
174 174 174 224 187 187 234 234 236 236 236 172 231 231 231 169 189 189 189 189 172 213 213 213 226 174 174 226 227 174 174 227 174 234 174 234 221 163 163 163 232 232 232 172 226 176 176 226 170 170 243 243 237 237 165 237 173 223 223 173 168 228 168 228 228 164 228 164 243 243 185 185 185 185 235 235 241 241 241 241 240 189 240 189 179 179 241 179 174 174 228 174 180 243 243 243 231 179 179 231 236 178 236 178 202 202 202 202 175 233 233 233 237 175 175 237 188 188 188 236 
174 174 224 174 187 187 234 187 172 236 172 236 169 169 169 231 239 239 239 189 213 213 172 213 226 226 174 174 227 174 227 174 234 174 234 174 221 221 221 163 232 172 172 232 226 176 176 226 170 170 243 243 237 237 237 237 173 173 223 223 168 228 228 168 164 164 228 164 243 243 185 185 235 235 235 185 185 185 241 185 189 240 189 189 179 179 179 179 174 228 174 228 243 180 243 180 179 179 179 231 178 178 236 178 202 236 236 236 233 175 175 233 175 237 237 175 188 236 236 236 
224 224 224 224 234 234 187 234 236 236 172 172 169 169 231 169 239 189 239 189 172 213 172 172 226 174 174 174 174 174 227 227 174 174 174 234 221 221 221 221 172 172 232 172 176 226 226 226 243 243 243 170 237 165 237 165 173 223 223 173 228 168 168 228 164 228 228 228 185 243 185 243 235 185 185 235 185 185 241 241 240 189 189 189 241 179 241 179 174 228 228 174 180 180 243 243 179 231 231 231 236 236 236 236 236 236 236 202 233 233 175 175 237 237 237 237 188 236 236 236 
224 224 224 174 187 187 187 187 172 172 236 172 169 169 231 169 239 189 239 239 213 213 213 172 226 226 174 226 174 174 227 174 234 174 174 174 163 163 221 221 172 172 232 232 176 176 226 226 170 243 170 243 165 237 165 165 173 173 223 223 228 228 168 168 228 228 164 164 243 185 243 185 185 185 185 185 185 241 185 185 240 240 189 240 241 241 179 241 228 174 174 228 243 180 243 180 179 231 231 179 178 178 236 236 236 202 202 236 233 175 233 175 175 237 175 237 188 188 188 236 
183 183 183 230 174 174 240 174 185 243 243 243 171 239 239 239 190 190 237 190 174 174 174 226 228 167 228 228 242 242 242 188 180 180 236 236 235 235 235 176 226 176 176 226 179 237 179 179 241 241 183 183 166 166 221 221 172 242 172 242 223 175 223 223 243 195 243 243 234 172 234 172 233 233 233 169 169 221 169 169 174 230 174 230 174 238 238 174 246 246 180 180 232 232 232 232 231 231 231 231 240 174 174 240 170 170 170 224 180 180 228 228 241 181 241 181 233 233 171 233 
230 230 183 183 240 240 240 240 243 185 185 185 171 171 171 239 190 237 190 190 226 174 226 174 167 228 167 228 242 188 242 242 236 180 180 180 176 176 235 235 176 176 226 176 179 179 237 237 241 241 241 183 221 221 221 221 172 242 242 172 223 223 175 175 195 243 243 195 172 172 234 172 233 233 169 169 169 221 169 221 174 174 230 174 238 174 174 174 246 180 246 180 178 232 178 178 179 179 231 179 240 240 240 240 170 170 224 224 228 180 180 228 241 181 241 181 171 171 233 233 
230 230 230 230 174 240 174 174 185 243 243 243 239 239 239 171 237 237 237 190 226 174 226 226 167 167 228 228 242 242 188 188 236 180 236 180 176 176 235 176 176 176 226 226 179 179 237 237 183 183 241 183 166 166 221 166 242 172 242 242 175 175 223 223 195 243 195 195 172 234 234 234 169 233 169 233 221 221 169 221 230 230 230 174 174 238 174 238 246 180 180 180 178 232 232 178 231 231 179 231 174 174 174 240 224 170 170 170 228 228 228 180 241 241 181 181 233 171 171 233 
183 183 230 230 174 240 240 174 243 185 243 243 239 171 171 171 190 237 237 190 226 226 226 174 228 167 167 228 188 188 188 188 236 180 180 236 235 176 235 235 176 226 226 226 237 237 237 179 241 183 183 241 221 221 166 221 242 172 172 172 175 175 223 175 195 195 243 195 172 234 172 234 233 233 169 233 169 169 169 221 174 230 230 174 174 238 238 238 180 246 180 180 178 232 178 232 179 179 179 179 174 240 174 174 224 224 170 224 228 180 180 228 181 241 241 181 171 171 171 233 
224 168 224 168 220 168 220 168 230 190 230 190 233 233 233 233 218 218 218 218 212 212 168 168 228 228 228 178 236 236 179 236 164 164 220 220 167 167 221 221 234 166 234 166 192 236 236 192 173 173 173 173 236 184 236 184 233 192 192 233 171 171 171 235 176 226 176 226 169 221 221 169 171 229 171 171 221 173 221 221 239 180 180 239 228 228 180 228 191 191 191 243 228 228 228 184 235 175 175 235 240 240 173 240 227 227 171 171 170 170 220 220 166 224 224 224 196 196 248 248 
224 168 168 224 220 220 220 168 230 230 190 190 163 163 233 163 164 218 164 164 212 168 212 168 228 228 228 228 179 179 179 179 164 220 164 220 221 221 167 221 166 234 166 234 236 192 192 192 242 242 173 242 184 236 236 184 233 192 192 233 171 235 171 235 176 176 176 226 169 169 221 221 171 171 171 229 173 173 173 173 180 239 239 180 228 228 180 180 243 191 243 191 184 184 228 184 235 175 175 235 173 173 240 240 171 171 171 171 220 220 220 220 166 166 224 224 248 248 196 248 
168 168 224 224 168 168 168 220 190 230 230 230 163 233 163 163 218 164 164 218 212 168 212 168 178 178 178 178 236 179 179 179 164 220 220 164 167 167 221 167 234 166 234 166 236 236 236 192 242 242 242 242 184 236 184 184 233 233 192 233 235 235 171 171 226 176 226 226 221 169 221 221 229 171 229 171 221 173 173 173 239 239 180 180 180 180 228 228 191 191 191 191 228 228 184 184 175 175 235 175 173 240 240 240 227 171 171 227 170 170 220 170 166 166 166 166 196 248 248 196 
224 168 224 224 220 168 168 168 230 190 230 190 233 233 163 233 164 218 218 164 168 168 212 212 228 178 178 178 179 179 236 236 164 220 220 164 221 167 167 221 166 166 234 234 192 192 236 192 173 173 242 242 184 236 236 236 233 192 233 192 171 235 235 171 226 176 226 176 169 169 221 169 171 229 229 171 221 221 221 173 180 239 180 180 180 228 180 180 243 243 191 243 184 228 184 228 175 175 235 175 173 173 173 240 227 227 227 171 170 220 170 170 166 224 166 166 196 196 248 196 
245 183 183 183 229 229 229 229 226 168 168 168 243 183 243 183 238 174 174 238 244 244 176 176 230 185 230 230 215 171 171 215 177 237 177 237 228 228 168 168 239 185 239 239 179 179 179 229 227 227 173 173 166 166 166 166 173 173 227 173 231 177 231 177 178 178 232 232 170 239 170 170 167 167 167 226 185 185 244 244 171 171 238 238 238 169 169 169 229 169 229 229 175 175 175 175 182 182 236 236 175 238 238 238 241 175 241 175 171 226 226 171 175 224 175 224 176 176 176 241 
183 183 245 245 173 173 173 173 226 226 168 226 183 243 243 183 174 174 238 238 176 176 176 176 185 230 230 185 215 215 171 171 177 237 237 237 228 228 228 168 185 239 185 185 179 179 229 179 173 227 173 173 223 223 223 166 173 227 227 227 231 231 177 177 178 232 232 232 170 239 239 239 167 226 226 167 244 244 244 185 238 171 171 171 169 238 238 238 229 229 169 169 227 175 227 227 236 182 236 182 238 175 175 175 241 175 241 241 226 226 171 171 224 224 224 175 176 176 176 241 
183 245 245 183 173 229 229 173 226 168 226 226 243 183 183 243 174 174 174 238 244 244 244 176 230 185 185 185 215 171 171 215 177 177 177 237 168 168 168 168 185 239 185 185 229 229 229 179 173 227 173 173 223 166 223 166 173 173 227 173 177 231 231 231 232 178 232 232 239 239 239 170 167 226 226 167 244 185 185 244 238 171 171 238 238 169 238 238 229 169 229 169 175 227 227 227 182 236 182 236 238 238 175 175 175 175 175 175 226 226 226 226 224 224 224 175 176 241 241 241 
183 245 245 245 173 229 229 173 226 226 226 168 243 183 183 183 238 174 238 238 244 244 176 244 230 230 185 230 171 215 215 215 237 237 177 177 168 228 228 228 239 239 185 185 229 179 229 229 227 173 227 173 223 166 166 223 227 227 227 227 177 231 177 177 178 178 178 178 239 239 170 170 167 167 226 226 185 244 244 185 171 238 171 238 169 169 238 238 229 229 229 169 227 175 227 227 236 182 182 236 238 175 238 238 241 175 241 241 171 171 171 226 175 224 175 175 241 176 176 241 
187 241 241 187 180 180 234 180 212 212 170 170 221 167 221 221 170 170 170 228 174 174 174 174 176 242 176 176 230 181 230 181 230 174 230 174 229 229 229 179 237 237 173 237 233 165 165 233 170 223 170 223 186 186 186 186 230 178 230 178 191 191 191 191 194 250 194 194 236 179 179 179 236 236 236 236 173 173 227 173 234 168 234 168 172 172 172 219 221 167 221 167 178 178 253 178 172 241 172 241 230 230 172 230 194 247 247 194 195 240 195 195 223 169 223 169 174 174 174 235 
241 241 241 187 234 234 180 234 212 212 170 170 167 221 221 167 170 170 228 170 174 218 174 218 242 176 176 242 181 230 230 181 230 174 174 174 229 229 229 229 237 173 237 237 233 165 165 165 223 223 170 170 244 244 244 186 230 178 230 230 191 191 191 251 194 250 194 250 236 179 236 179 182 236 236 182 227 173 227 227 168 168 234 234 219 219 219 219 167 221 221 221 253 178 178 178 241 241 172 241 230 172 230 230 194 247 247 247 195 240 195 195 169 169 223 169 235 235 174 235 
187 241 241 241 180 234 180 180 212 212 170 170 221 167 167 221 228 170 228 228 218 218 218 174 176 176 176 242 230 181 230 181 230 174 174 230 179 229 179 179 173 237 173 237 233 233 233 165 223 223 223 170 186 186 186 244 178 230 230 178 251 191 191 191 250 250 194 194 236 179 236 236 236 182 182 236 173 227 173 227 234 168 168 168 219 172 172 172 167 221 221 167 178 178 178 253 241 172 172 241 230 172 172 230 247 247 194 194 240 195 195 195 223 169 223 223 174 174 235 235 
187 187 187 187 180 180 234 234 170 212 170 170 221 167 221 167 228 170 170 228 218 218 218 218 176 176 242 242 230 230 230 181 174 230 174 230 229 179 179 229 237 173 237 173 165 165 165 165 223 223 170 170 244 244 244 244 230 230 230 178 191 251 251 191 194 250 250 250 236 236 179 179 182 182 182 182 173 173 227 173 168 234 168 168 172 219 219 219 221 221 221 167 178 253 178 253 172 172 172 172 172 172 172 230 194 247 247 194 240 195 240 240 169 223 169 223 235 235 174 235 
184 184 184 184 164 164 237 164 172 172 172 244 167 167 167 167 239 239 239 176 230 170 230 170 230 179 230 230 242 242 179 179 246 197 246 246 228 228 179 179 172 230 172 230 164 164 228 164 238 238 238 238 164 235 235 164 186 186 248 248 176 176 176 176 240 174 240 240 176 176 210 176 179 232 179 232 234 182 182 234 248 248 248 248 177 177 177 177 233 233 189 189 230 230 230 172 187 187 187 241 186 237 237 186 224 224 224 181 176 176 176 176 178 178 178 178 177 177 177 239 
184 242 184 184 237 164 237 237 244 172 172 244 213 167 213 167 176 176 176 239 230 230 230 230 179 179 179 179 179 179 242 179 246 246 246 197 228 179 228 228 172 230 172 172 228 228 164 164 238 189 189 238 235 235 164 164 248 186 186 248 234 176 176 234 174 174 240 174 210 176 210 210 232 232 232 232 234 182 234 234 193 248 193 193 239 177 177 177 233 233 189 189 172 230 230 230 241 187 187 187 186 237 237 237 224 224 224 181 245 176 176 245 230 178 230 230 239 239 239 239 
242 242 184 242 237 164 164 164 172 244 172 172 167 213 167 167 176 239 239 176 230 170 170 230 179 230 230 179 179 242 179 242 246 197 197 246 228 228 228 179 230 230 172 172 164 164 164 164 238 189 238 238 235 235 164 235 186 248 186 248 234 176 234 176 240 174 174 174 210 210 210 210 179 179 232 232 234 182 182 182 193 193 193 248 177 239 239 177 233 233 189 233 172 172 230 230 241 241 241 241 237 186 186 186 224 181 224 181 245 245 176 176 230 178 178 178 239 239 177 239 
184 242 184 242 237 237 164 164 244 172 244 244 213 213 213 213 239 239 176 239 230 170 170 170 230 179 179 179 242 179 242 179 197 197 197 246 179 228 179 228 172 230 230 230 228 164 228 228 238 238 189 189 235 235 164 164 186 186 186 186 234 234 176 176 174 240 174 240 176 210 176 176 179 179 232 179 234 182 182 234 193 193 193 248 239 177 177 239 189 189 189 233 172 172 172 172 187 187 241 241 237 237 237 186 224 181 181 224 245 245 176 245 230 230 230 230 177 177 239 239 
225 225 169 225 170 170 234 170 173 173 237 173 199 199 243 243 175 175 175 175 177 235 177 235 242 194 194 242 174 174 174 233 227 227 171 171 233 233 177 177 237 237 185 237 242 180 180 180 235 181 181 235 180 180 230 230 174 230 174 230 174 174 174 232 248 178 178 248 169 229 169 229 172 172 220 172 179 179 221 221 175 242 175 242 166 211 211 166 176 228 228 176 228 228 228 228 179 179 236 236 240 240 182 240 185 239 239 185 245 188 188 188 239 239 193 193 168 232 232 232 
225 169 169 225 170 234 170 234 173 237 237 237 199 243 199 199 227 175 227 175 235 177 177 235 242 194 194 242 174 233 233 233 227 171 227 227 177 233 233 177 237 185 185 237 180 242 242 180 181 235 181 235 230 230 180 180 230 230 230 174 232 174 174 174 178 178 178 178 169 169 169 169 172 172 220 220 179 179 179 179 242 175 242 175 166 211 166 166 176 176 228 228 166 166 228 166 236 236 236 179 182 182 182 240 239 185 239 185 245 188 188 245 193 193 193 239 232 168 168 232 
169 169 169 225 234 234 170 234 237 173 237 173 243 243 199 243 175 227 227 227 235 177 177 235 194 242 194 194 233 174 174 233 227 227 171 171 233 177 177 177 185 237 237 185 242 242 242 180 235 235 235 181 180 230 230 230 174 230 174 230 232 232 174 232 248 248 178 248 229 169 229 229 172 220 172 172 221 221 221 179 175 175 242 242 211 166 166 166 228 228 176 176 228 228 166 166 236 179 236 236 240 240 182 182 185 239 239 239 188 245 245 188 239 239 239 193 232 168 168 232 
225 169 169 225 234 170 234 234 173 173 237 173 243 243 243 199 227 175 227 227 177 177 235 177 242 242 194 242 233 233 174 233 171 171 171 227 233 233 233 233 237 185 237 185 180 242 180 242 181 235 235 181 180 230 180 180 174 230 230 174 174 232 232 232 248 248 178 248 229 169 169 169 220 172 220 220 221 221 179 179 175 175 242 175 166 211 211 211 228 228 176 176 228 228 228 166 236 179 179 179 182 240 182 240 185 185 239 185 245 188 245 188 193 239 193 239 168 168 232 232 
230 230 178 178 237 166 166 166 171 232 171 232 179 179 240 240 185 243 243 185 234 172 234 172 228 228 228 167 239 179 239 179 229 173 173 229 191 239 239 191 189 232 232 189 174 174 236 174 183 237 183 183 225 159 159 225 170 232 232 232 216 168 168 216 229 229 175 175 221 221 167 221 236 236 178 178 179 179 241 179 231 171 171 171 237 195 237 195 174 236 236 236 164 164 220 164 227 171 227 227 171 229 229 171 193 235 193 235 244 244 244 244 238 167 238 167 185 243 243 243 
230 178 178 230 166 237 166 237 232 232 232 171 179 179 179 179 243 243 243 243 172 172 234 172 167 228 228 167 179 239 179 239 229 229 229 229 239 239 191 239 232 232 232 232 174 236 236 236 183 237 183 183 159 225 159 225 232 170 232 170 168 168 216 216 229 175 229 229 221 167 221 221 178 178 236 178 241 241 241 179 171 171 231 171 195 237 195 237 174 174 174 236 164 220 220 220 171 227 171 171 171 229 171 171 193 193 235 235 176 244 176 244 167 238 167 167 185 185 185 243 
230 230 178 178 166 237 237 237 232 171 171 171 240 240 240 179 185 243 185 185 234 234 234 234 167 167 228 228 239 179 239 239 173 173 173 229 191 239 239 191 232 189 189 232 236 236 174 174 237 237 237 183 159 225 159 225 170 232 170 232 168 168 216 168 229 175 229 229 221 167 167 167 236 236 236 236 179 241 179 179 171 231 231 171 195 195 237 237 236 236 174 236 220 164 164 220 227 171 171 171 171 171 229 229 235 235 193 193 244 176 176 176 238 238 238 238 185 185 185 243 
230 178 230 230 237 166 237 237 232 171 171 171 179 240 179 240 243 185 185 243 234 172 234 234 167 228 167 228 179 179 239 239 229 173 229 173 191 239 191 191 232 232 189 189 174 174 174 236 237 237 237 183 225 225 159 159 170 170 232 170 216 168 168 216 175 175 175 175 167 167 221 167 236 178 178 178 179 179 179 241 231 231 231 231 195 237 237 195 236 236 236 174 164 220 220 220 171 227 171 227 171 229 229 229 193 193 235 235 176 176 244 244 238 238 167 167 185 243 243 243 
177 223 177 177 171 171 171 171 180 232 232 180 175 175 240 240 242 242 188 242 235 181 181 235 237 237 174 174 185 185 241 185 233 171 233 171 225 225 225 171 217 217 171 217 157 215 215 215 171 223 223 223 243 243 243 198 235 235 175 175 218 166 166 166 249 187 187 249 239 239 182 182 212 212 212 212 235 235 235 185 224 224 224 224 238 174 238 238 223 223 175 175 173 173 173 173 226 172 226 226 183 183 237 183 173 173 246 246 226 174 174 174 245 178 245 245 174 228 174 228 
223 177 177 177 223 171 171 223 180 180 232 232 175 240 240 175 188 188 188 188 181 235 235 181 174 174 174 237 185 185 185 241 233 171 171 171 171 171 171 225 171 217 217 171 215 215 157 215 223 223 223 223 198 243 243 198 235 175 175 175 166 218 166 166 249 249 249 249 182 239 239 239 212 170 170 170 185 185 235 235 170 170 170 170 238 238 238 238 175 223 223 175 173 243 243 243 172 172 172 226 237 183 183 237 246 246 173 246 226 226 174 174 178 178 178 245 174 228 174 228 
177 177 223 223 171 223 223 223 232 232 232 180 175 175 175 240 242 188 188 242 235 235 181 235 237 174 237 174 185 241 241 185 171 233 171 233 225 225 225 171 171 171 171 171 157 157 157 157 171 171 171 223 198 198 198 198 235 235 235 235 166 218 166 218 249 187 249 187 182 239 182 239 212 170 212 212 185 185 185 235 170 224 170 170 238 238 238 174 175 223 223 223 243 243 173 243 226 226 172 226 183 237 237 183 246 173 173 173 174 174 174 174 178 178 245 178 174 174 174 228 
223 223 223 223 223 223 171 223 180 180 232 232 175 240 240 175 242 242 188 188 235 235 181 181 174 237 174 237 241 241 241 241 233 233 171 233 171 171 225 171 171 217 217 217 215 215 157 215 171 223 223 171 243 198 198 243 175 235 175 175 218 166 218 218 187 249 187 187 239 182 239 182 170 170 170 170 185 185 235 235 224 224 224 170 174 174 174 174 175 175 175 223 173 173 243 243 226 172 172 226 183 237 237 183 246 246 173 246 174 226 226 226 178 178 245 245 228 228 174 228 
238 172 172 172 239 185 185 239 176 176 176 226 177 241 177 241 238 180 180 180 238 180 238 238 232 187 187 232 237 237 181 181 238 238 174 174 178 236 178 178 178 178 240 240 167 231 231 167 236 236 175 175 179 179 179 230 182 182 239 182 236 236 169 169 240 168 168 168 231 175 231 175 180 244 244 180 244 244 188 244 230 180 230 180 236 172 236 236 231 231 175 231 238 238 187 187 182 182 242 182 232 185 185 232 163 163 163 212 181 233 233 181 176 232 232 232 176 176 176 233 
172 172 238 172 185 239 185 185 176 176 176 176 241 177 177 177 238 238 180 238 180 180 180 238 232 232 232 187 181 237 181 181 174 174 238 174 236 178 236 178 240 240 178 240 231 231 167 231 236 175 236 175 179 230 230 230 182 182 182 182 169 236 169 236 168 240 168 240 175 231 231 231 180 244 244 180 188 188 244 188 180 180 230 230 172 236 172 172 175 175 175 175 238 238 187 187 242 182 242 242 232 185 185 232 212 163 163 163 181 233 181 233 176 176 232 232 176 176 233 233 
238 238 238 172 185 239 239 185 226 226 226 176 241 177 241 241 238 238 180 238 238 180 180 238 187 232 232 187 237 181 237 181 238 238 174 238 236 178 178 178 178 240 178 240 167 167 231 167 236 175 175 236 179 230 179 179 182 239 239 239 236 236 236 236 240 168 168 168 231 231 231 231 180 244 244 244 244 244 188 188 230 230 180 230 172 172 172 172 175 231 175 175 187 187 187 238 182 182 242 182 232 232 185 185 163 212 163 212 233 181 181 233 176 232 176 232 176 176 233 233 
238 238 238 172 185 239 185 239 226 176 226 226 241 177 177 177 180 180 180 238 238 238 180 238 187 187 232 232 181 237 181 237 238 174 174 238 236 178 236 178 178 178 240 178 231 167 167 231 175 175 175 236 230 230 179 179 239 182 239 239 236 236 169 236 240 168 240 168 175 231 175 175 180 180 244 180 244 244 188 188 180 230 180 180 172 236 172 236 175 231 175 231 187 238 187 187 242 242 242 182 185 232 232 232 212 163 212 212 181 233 181 233 232 232 176 176 176 176 233 233 
227 227 169 169 180 180 180 228 232 179 232 179 175 241 241 241 167 233 167 167 188 234 188 188 183 241 183 241 171 219 171 219 171 171 232 171 177 177 177 231 183 238 238 238 172 172 172 229 230 230 230 230 175 235 175 235 177 177 235 235 171 171 171 171 181 239 239 239 174 225 174 225 169 233 169 169 176 238 238 176 176 176 176 223 225 225 191 191 171 171 237 171 233 233 167 233 230 230 230 185 172 214 214 172 178 238 178 238 234 234 234 234 171 171 171 240 166 226 226 226 
227 227 227 169 228 228 180 228 179 179 232 179 241 175 241 241 233 167 167 233 188 234 234 188 183 241 183 241 219 219 219 171 171 171 232 232 231 231 177 231 183 183 183 183 172 172 172 229 230 168 230 168 175 235 175 235 177 177 177 235 222 222 171 222 239 239 181 239 225 174 174 174 233 233 169 233 176 176 176 176 223 223 176 176 225 225 225 191 237 171 237 171 167 233 167 167 185 230 230 185 214 214 172 172 178 238 178 238 234 172 172 234 240 171 171 240 166 166 166 226 
227 169 227 169 228 228 180 228 179 179 232 232 175 175 241 175 167 233 167 167 188 234 188 234 241 241 183 241 219 171 219 171 232 232 171 232 231 231 231 177 183 183 238 238 229 229 229 229 168 230 230 168 235 235 235 175 235 177 235 235 171 171 171 222 181 181 181 181 225 174 174 174 169 233 233 233 176 238 238 176 176 223 223 223 191 225 191 225 237 171 237 237 167 167 167 233 185 230 185 185 214 172 172 172 238 238 238 238 172 172 172 234 171 240 240 240 226 166 226 226 
169 227 227 227 180 228 228 180 232 232 179 179 241 241 175 241 233 167 167 233 234 188 188 234 183 183 183 241 171 219 171 171 171 232 171 171 231 231 177 177 238 238 183 183 229 229 172 229 168 230 168 230 175 235 235 235 235 235 177 177 222 171 222 222 239 181 181 239 225 225 174 225 169 169 233 169 176 176 238 238 176 223 223 223 191 191 225 191 171 237 171 237 167 233 233 233 230 230 185 230 214 172 172 214 178 178 178 178 234 234 172 234 240 240 171 240 166 166 166 226 
184 243 243 184 184 184 238 184 179 179 179 235 224 162 162 162 224 175 224 175 175 234 234 175 174 174 237 174 242 242 180 242 237 175 175 237 180 180 180 244 228 171 228 228 226 169 226 226 225 171 225 171 241 241 177 241 166 230 230 166 234 182 182 234 229 178 178 178 243 179 179 179 241 197 197 241 172 235 235 235 175 175 234 234 180 180 180 235 172 234 234 172 224 164 164 164 236 236 181 181 177 223 223 177 246 182 182 182 176 217 217 176 239 239 239 183 238 188 238 238 
184 184 184 184 238 184 238 238 179 179 235 179 224 224 224 224 175 175 224 224 234 175 175 234 174 174 237 237 180 242 242 180 237 237 175 237 244 180 244 180 171 171 228 171 226 169 226 169 171 225 171 171 241 241 177 177 166 230 166 166 234 182 182 234 229 229 229 229 243 243 243 243 197 197 241 197 235 172 172 235 234 234 175 234 235 180 180 235 234 172 234 172 164 224 224 224 236 236 181 236 223 223 223 177 246 182 246 182 176 217 217 217 239 183 183 183 238 238 188 238 
184 243 243 184 184 238 238 184 235 235 235 235 162 224 162 162 175 175 224 175 175 234 234 234 237 237 174 237 180 180 180 242 175 237 175 175 244 244 180 244 228 228 228 171 169 226 226 226 225 171 225 225 177 241 241 241 230 166 230 166 234 182 234 182 229 229 178 178 179 243 179 179 241 241 241 241 172 235 235 235 175 234 175 175 235 180 235 180 234 172 172 234 164 164 164 224 236 181 181 236 177 223 177 223 246 182 246 182 176 176 217 176 183 239 239 183 188 238 188 238 
243 243 184 243 238 184 184 238 235 179 179 235 162 162 224 224 175 224 175 175 234 175 175 234 237 237 237 174 180 242 180 242 175 237 237 175 180 180 244 244 171 228 228 228 169 226 169 169 171 171 225 225 177 177 241 241 230 230 230 230 234 182 234 234 229 178 229 178 179 179 179 243 197 197 197 241 172 172 235 172 234 175 234 234 180 235 180 235 234 172 234 234 224 164 164 224 181 181 236 236 177 223 177 177 246 246 246 182 176 176 176 176 239 239 239 183 188 238 188 238 
233 233 233 173 187 243 243 187 166 166 230 166 179 237 237 179 172 236 172 172 233 181 233 181 238 176 176 176 187 237 187 187 228 228 176 228 227 170 227 170 248 184 248 248 236 170 236 236 240 240 177 240 235 175 175 175 238 180 180 180 181 232 181 232 234 168 168 234 228 228 174 174 176 236 176 176 179 233 233 233 239 172 172 239 179 179 235 235 236 236 236 188 236 236 236 178 183 183 183 230 232 175 175 232 172 172 236 236 232 232 168 168 231 183 183 183 195 195 195 230 
173 233 233 233 187 243 187 187 166 166 166 230 237 237 179 237 236 172 236 172 233 233 181 181 176 238 238 176 187 187 237 237 228 228 176 176 170 170 227 170 184 184 248 184 236 170 236 236 177 177 240 177 235 175 235 235 180 238 238 238 181 232 181 232 234 168 234 168 174 228 228 228 176 176 236 176 233 233 179 179 239 239 172 239 235 179 179 235 236 236 188 188 236 178 178 178 183 183 230 230 175 232 232 175 236 172 236 236 168 232 232 232 183 231 231 183 230 195 230 230 
173 173 173 233 187 187 243 187 166 230 230 230 237 237 237 179 172 236 172 236 233 181 181 233 238 238 238 176 187 237 237 237 228 228 176 176 170 170 227 170 184 184 184 248 236 170 170 170 177 177 177 240 175 235 235 235 238 180 238 238 181 232 232 181 234 168 234 168 228 228 174 174 236 236 236 176 233 233 179 179 172 239 172 172 235 235 235 235 236 236 188 236 178 236 236 178 230 183 230 230 232 232 232 175 172 236 172 172 168 232 232 168 183 183 183 231 230 230 195 230 
173 173 173 233 187 187 243 243 230 166 230 230 179 179 237 237 236 172 236 236 233 181 233 181 238 176 238 176 187 187 237 237 228 228 176 228 227 170 227 227 184 184 184 248 170 170 170 236 177 240 240 177 235 235 175 235 180 238 238 238 232 232 181 232 234 234 168 168 174 174 174 228 176 176 236 236 179 233 179 233 172 239 239 239 179 179 179 235 188 188 188 188 178 236 178 178 230 183 183 183 175 232 232 232 172 172 172 236 168 232 232 232 231 231 231 231 230 195 230 230 
176 176 176 236 166 228 166 228 174 174 233 233 180 234 234 234 183 240 183 240 180 221 221 180 231 231 231 231 239 175 239 175 231 168 168 231 188 240 240 188 172 230 172 230 179 233 179 233 172 238 238 238 245 245 245 245 175 175 223 223 232 232 232 166 226 226 163 163 236 176 176 176 171 171 233 233 182 182 236 236 173 173 246 173 178 230 178 230 226 170 170 170 178 178 178 178 168 168 168 231 238 173 238 238 237 181 237 237 175 175 175 175 174 240 174 240 179 179 241 241 
176 176 236 236 228 228 166 166 233 174 174 174 180 180 234 180 183 183 183 240 221 221 221 180 231 171 171 171 239 239 175 239 168 168 231 231 188 188 188 240 172 230 172 230 233 179 179 233 172 238 238 238 190 190 190 190 223 175 223 223 232 232 166 166 163 226 226 163 176 176 236 236 171 171 171 171 236 236 182 182 246 173 173 246 178 230 178 178 226 226 170 170 234 234 178 234 231 168 231 168 238 173 173 173 181 237 181 237 241 175 241 241 240 174 240 174 241 179 241 241 
176 176 176 236 166 228 228 228 174 233 174 233 234 180 234 234 240 183 240 183 221 221 221 221 231 171 171 231 239 239 239 175 168 231 231 231 240 188 240 240 230 230 230 172 233 179 179 179 172 172 172 238 190 190 245 190 223 223 175 175 166 166 232 166 226 163 226 163 176 176 236 176 171 171 233 233 236 236 236 182 246 246 173 246 230 178 230 230 226 226 226 170 178 234 178 234 231 231 168 231 238 238 173 173 181 237 237 181 241 241 241 175 240 240 174 174 241 241 179 241 
176 236 176 236 166 228 166 166 233 233 174 174 180 180 234 180 240 240 240 240 180 221 221 180 231 231 231 171 239 175 239 175 168 168 231 231 188 188 188 240 230 230 172 172 233 233 233 179 172 238 172 172 245 245 190 190 175 175 175 175 232 166 166 232 163 226 163 163 236 236 236 236 233 171 233 233 182 182 236 182 173 173 246 173 230 230 178 178 226 170 226 170 234 178 234 234 168 231 231 231 238 173 238 238 237 237 181 237 241 241 175 241 174 174 240 240 179 179 241 241 
230 230 187 230 166 225 225 225 169 169 230 230 243 243 179 179 176 176 176 176 178 178 178 236 235 235 235 235 187 229 229 187 233 175 175 233 248 181 181 248 234 234 178 234 167 224 167 224 231 231 231 231 227 227 169 169 169 231 169 231 174 174 174 221 239 187 239 187 233 233 182 182 240 186 186 186 242 186 242 242 174 174 238 238 170 238 170 170 232 232 190 190 170 235 235 235 240 240 178 240 169 225 225 169 180 180 180 180 176 176 229 229 162 162 162 162 172 172 172 222 
187 230 230 187 166 166 166 225 230 230 169 230 179 243 243 243 232 232 232 232 178 178 236 236 169 169 169 235 229 187 187 229 233 175 233 175 248 181 248 248 178 178 178 234 224 224 224 167 177 177 231 177 227 227 227 169 231 169 169 231 174 174 174 221 187 239 187 187 182 233 233 182 240 186 240 186 242 186 242 186 174 238 238 174 238 170 238 238 190 232 190 232 235 170 235 235 240 240 178 178 225 169 225 225 180 180 234 180 229 176 176 229 162 162 226 226 222 172 222 222 
230 187 230 230 166 166 225 225 230 169 169 169 243 243 243 243 232 176 232 232 236 236 178 178 169 235 235 235 229 187 187 229 175 175 175 175 181 181 181 181 234 234 178 234 167 167 224 167 177 231 177 177 169 169 227 227 169 231 169 169 174 221 221 221 239 187 239 239 233 182 182 233 240 240 240 240 186 186 242 186 174 238 174 238 238 170 238 170 190 190 190 232 170 170 235 170 240 240 240 240 169 225 169 169 180 234 180 180 176 229 229 176 226 226 162 226 172 172 222 222 
230 230 187 187 166 225 225 225 230 230 169 230 243 179 179 179 176 176 232 176 236 178 236 236 235 235 169 169 187 187 229 229 175 175 233 175 181 248 181 248 178 234 234 178 224 167 224 224 231 231 177 177 227 227 227 169 231 231 231 169 221 221 174 174 239 187 187 187 182 233 182 182 186 240 240 240 242 242 186 186 174 238 174 238 170 238 170 238 232 190 190 232 170 235 170 235 240 178 178 178 225 225 169 169 234 234 234 234 229 229 229 176 226 162 162 226 172 222 172 222 
183 183 238 238 179 179 179 179 177 177 177 177 169 229 229 229 186 233 186 186 236 174 174 236 234 177 177 177 229 179 179 179 182 182 182 182 242 169 169 169 231 231 231 171 239 187 239 239 218 218 218 172 179 233 179 233 184 240 184 240 165 165 222 222 173 227 173 173 171 171 227 171 237 179 179 179 240 240 240 240 232 180 232 180 234 234 169 169 238 238 168 238 238 174 238 238 172 238 172 238 175 237 237 175 234 172 172 172 172 243 172 172 165 223 165 165 230 174 230 230 
238 238 183 238 179 231 179 231 177 239 239 239 229 169 229 229 186 186 233 233 174 174 174 236 177 234 234 177 229 229 179 179 236 236 182 182 169 169 242 242 171 231 231 231 239 187 239 239 172 172 218 172 233 179 233 233 184 184 184 240 165 222 222 222 227 227 173 227 227 171 227 227 179 237 237 237 180 180 240 180 232 232 180 180 169 169 234 234 238 168 238 238 238 174 238 174 238 172 172 172 175 237 175 237 234 172 234 234 243 172 243 172 223 165 223 165 230 174 174 230 
183 183 238 183 231 231 231 179 239 177 239 239 169 229 229 169 233 186 233 186 174 236 236 236 234 234 177 234 179 229 229 179 182 236 182 236 242 242 169 242 171 171 171 171 187 239 239 239 172 218 218 172 233 233 179 179 240 184 240 240 165 165 165 165 227 173 173 227 227 171 171 171 179 237 237 237 240 180 180 180 180 232 180 180 169 234 234 234 238 168 168 238 238 174 238 174 172 238 238 172 237 237 175 175 234 172 234 234 243 172 172 172 223 223 223 223 230 230 174 230 
238 238 238 183 231 179 231 231 177 239 239 177 229 169 229 169 186 186 233 233 236 236 236 236 234 234 234 177 229 179 229 179 236 182 182 236 169 242 169 169 231 171 231 171 187 187 187 187 172 218 172 218 179 179 179 233 240 184 240 240 222 222 165 165 173 227 227 173 227 227 171 227 237 179 179 237 240 240 180 180 232 180 232 232 234 169 234 169 238 168 168 238 174 174 238 174 172 238 238 238 237 237 237 175 234 234 234 172 172 243 243 243 165 223 223 165 174 174 174 230 
183 183 183 183 226 176 226 226 181 181 241 241 172 218 218 218 230 188 188 188 187 243 187 187 180 180 240 180 238 187 238 238 235 235 184 235 184 184 242 184 174 234 234 234 169 169 232 232 239 239 181 239 233 179 233 233 170 170 232 232 230 166 230 230 182 236 182 182 168 168 168 216 237 237 190 190 177 177 239 239 172 172 234 172 179 242 242 242 229 229 180 180 165 165 211 165 180 242 242 180 237 237 181 237 225 225 165 165 171 171 233 233 182 182 182 240 177 232 232 232 
247 247 183 183 226 176 176 226 181 241 181 181 218 218 218 172 230 230 188 188 243 243 187 243 240 240 240 240 238 238 238 187 184 184 184 184 184 242 184 184 174 234 234 174 232 232 169 232 181 181 239 239 179 179 233 179 170 232 232 170 166 230 230 166 182 182 236 182 168 216 168 216 190 237 237 237 239 177 177 177 172 172 172 234 242 179 179 242 180 180 229 229 211 165 211 165 242 180 242 242 237 237 237 237 165 165 165 225 171 233 171 233 182 182 240 182 177 177 177 232 
247 247 247 247 226 176 176 226 181 241 241 181 172 172 218 218 188 230 188 230 243 187 187 187 240 180 180 180 187 187 187 238 184 235 235 235 242 242 242 242 174 234 174 234 169 232 169 169 239 181 239 181 233 233 179 179 170 170 232 232 166 230 166 166 236 182 182 236 216 216 216 168 237 237 237 190 177 239 177 177 234 172 234 172 179 242 242 179 229 180 229 229 165 165 211 165 180 180 242 242 181 237 181 237 225 225 225 225 171 233 171 233 240 240 240 240 177 232 232 232 
183 183 183 183 176 226 176 176 181 241 241 181 172 218 218 172 230 230 188 230 243 187 187 243 180 240 240 180 187 238 238 187 184 235 184 184 242 184 242 242 174 174 234 174 232 232 232 169 181 239 181 181 233 233 179 179 232 170 232 170 166 166 166 230 236 182 236 182 168 168 216 216 237 237 190 237 177 239 177 239 172 172 234 234 242 179 242 179 180 180 229 229 211 211 211 165 180 180 242 180 237 181 181 181 165 225 225 225 171 233 233 233 240 182 240 182 177 177 232 232 
189 189 247 247 234 165 165 234 184 184 184 184 171 235 235 171 185 244 244 244 230 176 176 230 184 238 238 238 174 174 232 232 185 239 239 185 172 172 227 172 228 228 188 228 168 229 229 168 239 239 239 177 232 232 180 180 171 171 227 227 187 187 249 249 205 205 249 205 234 173 234 234 178 238 178 178 238 180 238 238 171 171 171 229 174 220 174 220 189 247 189 189 173 236 236 173 228 182 182 228 234 183 183 183 243 191 243 243 172 220 220 220 169 234 234 169 171 171 227 227 
189 189 247 189 165 234 234 234 184 242 184 184 171 171 171 235 185 244 244 185 230 230 176 230 184 238 238 184 174 232 174 232 239 185 185 185 227 172 172 227 228 188 228 188 168 168 168 168 239 239 177 177 180 180 232 180 171 171 171 171 249 249 187 187 205 249 205 205 234 173 173 173 178 238 238 178 238 238 180 238 229 229 229 171 220 174 174 220 189 247 247 189 236 173 236 236 228 182 228 182 234 234 183 234 243 243 243 191 220 172 220 220 234 169 234 169 171 171 171 227 
247 247 247 247 165 234 165 165 242 184 184 242 235 235 171 235 185 244 185 185 176 230 176 176 184 184 184 238 174 232 174 232 239 185 185 239 172 172 227 227 228 188 228 188 168 229 229 168 239 177 239 177 232 232 180 180 227 227 227 227 187 187 249 187 249 205 249 205 173 173 234 173 178 238 238 238 238 238 180 238 229 171 229 171 174 220 220 174 189 189 247 189 236 173 173 236 182 228 182 182 234 234 234 234 243 191 191 243 172 172 220 172 234 234 234 169 227 227 171 227 
247 189 189 189 165 234 165 165 242 242 242 184 171 235 235 171 244 185 185 185 176 230 176 176 184 238 238 184 174 232 174 232 185 185 239 185 227 172 172 227 188 188 188 188 229 168 229 229 177 239 177 177 180 232 232 232 171 227 171 227 249 187 249 249 249 249 249 249 173 234 173 234 238 238 238 178 180 180 238 238 229 171 171 229 220 220 174 220 189 189 247 247 173 236 236 173 228 228 182 228 183 183 234 183 191 243 191 191 220 220 220 172 169 169 234 234 171 171 171 227 
177 177 177 231 233 233 233 163 243 243 170 243 225 167 225 225 199 199 199 241 244 244 244 244 183 183 247 183 185 241 185 185 180 232 180 180 234 174 234 234 170 228 228 170 173 237 173 237 230 230 178 230 216 216 216 216 168 236 236 168 239 239 239 168 188 242 188 188 230 162 162 230 241 241 170 170 170 229 229 229 178 237 178 178 235 235 235 235 172 218 172 172 176 228 228 228 228 188 228 188 176 176 243 243 236 236 236 236 165 165 165 165 173 173 237 173 173 240 173 240 
177 231 231 177 233 163 163 233 170 243 243 243 167 167 225 167 241 241 199 241 244 244 244 179 183 247 247 183 241 241 241 241 180 180 180 180 174 234 234 234 228 228 228 228 173 173 173 173 230 230 178 178 171 216 216 216 168 236 236 236 168 239 168 168 242 188 242 242 230 162 162 162 170 241 170 170 229 170 170 170 237 237 237 178 179 179 235 235 218 218 172 172 176 228 228 176 228 228 228 188 243 176 176 176 236 172 172 172 230 230 230 165 237 173 173 173 240 240 240 240 
177 177 177 177 163 233 233 163 170 170 170 170 167 225 225 167 241 199 199 199 179 179 179 179 247 183 183 247 185 185 185 241 232 180 232 180 174 234 174 234 170 170 170 170 173 237 237 237 230 178 178 178 171 216 171 171 168 236 168 236 168 168 239 239 242 188 188 242 162 230 230 162 170 241 170 170 170 229 170 229 178 237 178 178 179 235 179 179 172 218 172 218 228 176 228 176 188 188 228 228 243 243 243 176 236 172 236 236 230 230 165 165 237 237 237 237 240 240 173 240 
231 231 231 231 163 163 233 233 170 243 243 243 167 225 225 167 241 241 199 199 244 244 179 179 183 247 247 247 241 241 185 185 232 232 232 232 174 174 174 174 170 170 228 228 237 173 173 173 178 178 230 230 171 171 216 171 236 168 168 168 168 239 168 168 242 188 242 188 230 230 162 230 241 170 241 241 170 229 170 170 237 237 178 178 179 179 179 235 172 218 218 172 176 228 176 176 228 188 228 188 176 243 176 176 172 172 172 172 165 230 230 165 237 237 173 173 240 240 173 240 
166 236 166 166 235 181 181 181 237 182 182 237 172 236 236 172 186 234 186 234 171 171 237 171 234 172 172 172 229 229 229 229 174 238 174 174 240 177 240 177 172 230 230 230 245 185 245 185 238 177 177 238 185 185 229 185 193 246 193 193 243 243 195 243 233 173 173 173 216 216 216 166 233 175 233 175 221 169 221 221 241 241 185 185 234 234 180 180 186 245 186 245 222 222 176 176 186 240 240 186 174 224 224 224 230 172 172 172 229 185 229 185 179 179 179 179 226 178 178 226 
236 166 236 236 181 235 181 235 237 182 237 237 172 172 172 172 186 234 186 234 237 171 171 171 172 234 172 234 229 172 172 172 238 238 238 174 240 240 177 240 230 172 172 172 185 245 245 185 238 177 238 238 229 185 185 229 193 246 193 193 195 195 195 243 173 233 173 173 166 166 216 216 233 175 233 233 221 169 221 169 241 241 185 185 180 234 180 180 186 186 186 245 176 222 176 222 240 186 186 240 224 224 224 174 230 172 230 172 229 229 229 185 179 179 237 237 178 178 178 226 
236 166 236 166 235 235 181 181 182 182 237 182 172 236 172 172 234 234 186 186 237 237 237 237 234 172 234 234 229 229 172 229 174 238 238 238 240 240 177 177 230 172 172 230 245 185 185 185 238 177 238 238 229 229 185 229 193 246 193 246 243 195 243 195 233 173 173 173 166 216 216 166 175 175 233 175 221 169 169 169 241 185 241 185 234 234 180 180 186 186 186 245 176 222 222 176 240 240 186 186 174 174 174 174 172 230 230 230 185 229 185 185 237 179 237 179 226 178 226 226 
166 236 236 236 181 181 235 181 237 182 237 237 236 236 236 236 186 234 186 186 237 237 171 171 234 234 172 172 229 172 229 172 174 174 174 238 177 177 240 240 172 172 230 230 185 185 245 245 238 177 177 238 185 185 185 229 246 193 246 246 195 195 243 243 233 173 233 233 166 166 216 216 233 233 175 233 221 169 169 169 241 185 185 185 234 234 180 234 186 245 245 245 176 176 222 222 186 186 240 240 174 174 224 224 230 172 172 172 185 229 229 185 179 237 237 237 178 178 226 226 
239 239 239 168 182 228 182 228 174 230 230 230 172 172 172 220 235 235 235 180 181 181 181 239 172 172 232 232 174 224 174 174 172 232 172 232 179 179 179 179 239 239 178 239 167 227 167 227 220 220 170 220 223 173 223 223 166 166 166 166 237 237 185 185 177 237 237 177 170 232 232 232 174 236 236 236 242 242 242 242 169 226 169 226 244 184 184 244 180 180 180 180 231 177 177 177 179 215 215 215 229 229 229 229 230 186 186 230 233 233 181 181 162 228 228 162 244 244 244 244 
168 168 239 168 182 228 228 182 230 174 230 230 172 220 220 172 180 180 180 180 181 239 239 239 172 172 172 172 174 174 224 224 172 232 172 232 239 239 179 239 239 178 178 178 167 167 167 227 220 220 170 170 173 223 223 173 166 166 237 166 185 185 237 185 177 237 237 237 170 170 170 170 174 174 174 236 242 187 187 242 169 226 226 226 184 184 184 184 231 180 231 231 231 177 231 177 215 215 179 179 173 173 229 229 186 230 186 186 181 233 181 233 228 162 162 228 244 175 175 244 
239 168 239 239 228 228 182 228 230 174 174 174 172 172 220 220 235 235 180 180 181 181 181 239 232 232 172 232 174 224 174 224 172 232 232 232 179 239 179 239 178 178 178 239 227 167 227 227 170 170 220 170 223 173 223 173 166 166 166 237 185 237 237 185 237 177 177 177 170 232 232 170 236 174 236 236 242 187 187 187 169 226 169 226 244 184 244 184 180 231 231 180 231 177 177 231 215 179 179 179 173 173 173 229 230 230 186 186 181 233 181 233 162 228 228 228 175 175 175 244 
239 168 168 239 228 182 182 182 230 174 174 230 172 220 220 172 180 235 235 180 239 181 239 239 172 172 172 172 224 224 174 174 172 172 232 172 239 179 239 239 178 178 239 239 167 227 227 167 170 220 220 220 223 223 173 173 166 237 237 237 237 185 237 185 237 177 177 237 170 170 170 232 174 236 174 236 242 242 187 187 226 226 169 169 244 244 244 184 180 231 231 180 231 231 231 177 215 179 179 179 229 229 173 229 186 230 186 230 233 181 181 181 162 228 162 162 244 175 175 244 
179 239 179 179 173 173 173 173 177 240 177 240 226 172 226 172 247 183 247 183 229 181 229 181 173 243 243 173 242 242 176 242 239 171 171 239 173 227 227 173 224 178 178 224 179 234 179 179 235 165 165 235 230 174 230 230 241 177 177 177 170 170 220 220 238 184 238 238 170 234 234 170 230 230 230 180 238 171 238 238 168 227 168 227 176 176 176 226 226 165 226 165 227 174 174 227 172 232 232 172 170 229 229 170 181 181 241 241 232 173 173 232 226 226 164 164 245 245 174 245 
239 239 179 179 173 226 226 226 240 177 240 177 172 172 226 226 247 247 183 183 181 181 181 181 173 243 173 243 242 242 176 242 239 171 239 171 227 227 227 227 224 178 224 178 179 234 179 179 165 235 165 165 230 230 174 174 177 241 177 177 170 220 220 220 184 184 184 238 234 170 234 170 180 230 180 180 238 238 171 171 227 168 227 227 226 226 176 226 226 165 226 165 227 227 227 174 232 232 172 172 229 229 170 229 181 181 241 241 232 232 173 232 226 164 226 226 245 174 245 245 
179 239 179 239 226 226 173 173 177 177 177 240 226 172 226 172 247 247 247 183 229 181 181 229 243 243 173 243 176 176 176 176 239 171 239 239 173 227 173 227 224 224 224 178 234 234 234 179 235 235 165 235 174 230 174 230 241 177 241 241 170 220 170 220 184 238 238 238 170 234 170 170 230 180 230 230 238 238 238 171 168 168 168 227 226 176 176 226 226 165 165 226 227 174 174 174 232 172 232 232 229 170 170 229 241 241 181 241 232 173 173 232 164 226 226 164 174 174 174 245 
239 179 239 239 173 173 226 226 177 177 177 177 172 172 226 226 247 183 247 247 229 229 229 229 173 243 243 243 242 242 176 242 171 171 239 171 173 173 227 227 178 224 178 224 179 234 179 234 165 235 165 235 230 174 174 174 241 177 241 241 170 220 220 220 184 184 184 238 234 234 170 234 230 180 230 180 171 238 171 171 168 168 227 168 176 176 176 226 165 226 165 165 174 227 174 174 232 232 172 232 229 229 170 170 181 241 181 181 232 232 173 173 226 226 226 164 245 245 174 245 
184 184 184 184 222 170 170 222 239 179 239 179 234 234 234 180 171 171 221 221 241 241 179 179 166 232 166 232 173 173 231 173 232 166 166 166 178 239 239 178 182 182 182 182 172 172 234 172 237 176 237 176 178 178 178 178 174 174 174 226 172 228 172 228 230 230 230 176 185 239 185 185 185 240 185 185 173 239 173 173 188 188 239 188 172 172 245 172 244 244 244 244 242 184 184 242 229 166 166 229 183 183 228 183 174 240 240 174 171 231 171 171 176 238 176 238 232 184 184 232 
236 184 236 184 222 170 170 170 179 179 239 179 234 180 234 180 221 221 171 221 179 179 241 241 232 232 232 166 173 173 173 231 232 166 232 232 178 178 178 239 238 238 238 182 172 234 234 234 176 237 176 176 236 236 236 178 226 226 226 226 228 172 228 172 176 230 176 176 185 239 239 185 185 185 240 185 173 239 239 239 188 239 239 188 245 245 245 172 244 244 188 188 184 242 184 184 166 229 229 229 228 183 183 183 174 240 174 174 231 231 231 231 176 238 176 238 184 184 184 232 
236 236 236 236 222 170 222 222 179 239 179 239 234 180 180 180 171 221 171 221 241 179 241 179 166 232 166 232 173 231 231 231 166 232 232 232 239 239 239 239 238 238 182 238 172 234 234 172 176 176 237 237 178 236 178 236 174 226 226 174 172 228 172 228 230 230 230 176 185 239 185 239 240 185 240 185 239 239 239 173 188 239 239 239 245 172 245 172 188 244 188 188 242 242 242 242 166 229 166 229 228 228 228 183 174 240 240 240 231 231 231 171 238 176 238 176 184 184 232 232 
184 184 236 236 222 170 222 170 239 239 239 179 180 234 180 234 171 221 221 171 179 241 241 179 166 166 166 232 173 173 231 231 166 166 232 232 239 178 239 178 182 238 238 238 172 234 234 172 176 237 176 237 236 236 236 178 226 174 174 174 228 172 172 228 176 176 176 176 239 239 239 239 240 185 240 240 173 173 173 239 188 239 188 188 172 172 172 172 188 188 244 188 242 184 184 184 229 166 229 166 183 183 228 183 240 174 174 240 231 171 171 231 176 238 176 238 232 232 232 232 
179 245 179 179 232 232 232 182 229 229 171 171 220 172 220 220 181 181 229 229 232 182 182 232 232 176 176 176 234 234 182 234 183 183 242 183 171 171 228 171 193 239 239 193 234 234 180 234 170 170 214 214 172 172 172 227 179 179 233 233 181 227 227 181 168 207 207 168 181 239 239 181 237 237 169 237 236 178 236 236 189 244 244 189 172 228 228 172 169 211 169 211 228 228 228 228 196 196 245 196 180 180 180 180 177 177 177 222 162 162 227 227 220 167 220 220 246 178 178 246 
245 179 245 245 232 182 232 232 229 171 229 171 220 172 172 172 181 229 181 229 232 182 182 232 232 176 232 232 182 182 234 182 183 183 242 183 171 171 228 228 239 193 239 239 234 234 180 180 214 214 170 170 227 172 172 227 233 233 179 179 227 181 181 181 207 207 168 207 181 181 239 181 169 169 169 169 178 236 178 236 189 189 244 244 172 228 172 228 169 211 169 169 228 169 169 228 196 196 196 196 180 240 240 180 222 222 177 222 162 162 162 162 220 220 167 167 178 178 246 246 
179 179 179 245 182 182 182 232 171 229 229 229 172 172 220 220 229 229 181 181 182 232 232 182 176 176 232 176 182 182 182 182 183 242 242 183 228 228 171 171 193 193 193 239 180 180 234 180 170 214 214 214 227 227 172 227 233 179 233 233 227 181 227 227 168 207 168 207 181 181 239 239 169 169 169 237 178 236 236 178 189 189 244 189 228 228 172 172 169 211 211 211 169 228 228 169 245 196 196 245 240 180 180 240 222 222 222 222 227 227 227 227 167 167 220 167 178 178 178 246 
179 179 179 245 232 182 182 232 229 171 229 229 220 220 172 172 229 181 229 229 182 232 232 232 232 232 176 232 234 182 234 234 183 242 242 242 228 171 171 171 193 239 239 193 234 234 180 180 170 214 214 170 172 172 172 227 233 233 233 179 181 181 227 181 207 168 168 207 181 239 181 181 237 237 169 169 236 178 178 178 189 244 244 189 228 228 228 172 211 169 211 169 169 169 228 169 245 245 245 196 240 240 180 180 177 177 177 222 162 162 227 162 220 220 220 220 246 178 178 246 
172 172 172 172 235 166 166 235 227 174 174 174 236 236 169 236 222 173 173 222 167 167 167 225 172 227 172 172 173 173 211 211 174 234 174 234 231 166 231 166 176 176 239 239 236 236 236 188 228 228 174 174 187 237 237 187 163 214 214 163 218 218 218 218 247 247 247 188 166 219 166 166 234 234 174 234 175 175 235 175 177 177 236 177 162 162 162 162 219 174 219 174 178 226 178 226 231 179 179 231 231 181 231 231 236 236 236 177 234 234 234 234 233 181 181 233 235 169 235 235 
226 226 172 172 166 235 166 166 227 227 174 174 236 169 236 236 173 222 222 173 167 225 225 225 227 227 172 227 211 211 211 211 234 234 234 174 231 231 231 231 239 239 239 239 188 188 236 236 228 174 174 174 237 187 187 187 163 214 214 214 218 170 218 170 188 188 247 188 166 219 166 219 174 234 174 234 235 235 175 175 236 236 177 177 162 228 162 162 174 219 174 174 178 178 178 226 179 179 231 231 231 231 231 181 177 236 236 177 182 234 234 182 181 181 233 233 169 169 169 235 
226 226 172 226 166 235 166 235 174 227 174 174 169 169 236 169 173 222 173 173 225 225 167 167 227 227 172 172 211 211 211 173 174 174 174 234 166 166 166 166 239 176 239 176 236 188 188 236 174 228 228 228 237 237 237 237 214 163 214 214 218 170 170 218 188 188 247 247 166 219 166 166 174 174 234 174 175 235 235 235 177 177 236 177 228 228 228 162 174 219 174 174 178 226 226 226 179 179 231 231 181 181 181 231 177 236 177 236 182 234 182 234 233 233 181 181 169 169 235 235 
172 226 226 226 235 235 235 235 227 174 174 227 236 236 169 169 222 173 222 173 225 225 167 225 172 227 227 227 211 173 173 173 234 174 174 234 231 231 166 231 239 176 176 176 188 236 236 188 228 174 228 174 187 187 237 187 214 163 214 163 218 170 170 170 247 247 247 188 219 219 219 166 174 234 174 174 235 175 235 175 236 236 236 177 228 228 228 228 219 219 174 174 226 178 178 226 179 231 179 231 181 181 231 181 236 177 177 236 234 234 182 182 181 233 181 181 169 235 235 235 
