217 163 229 209 191 199 230 160 177 227 167 202 167 237 250 164 228 167 250 212 200 174 211 214 216 255 194 200 225 191 252 182 175 199 234 234 185 214 162 226
219 196 249 248 163 213 180 170 165 254 183 233 245 252 177 197 207 169 248 192 159 184 191 241 231 241 181 223 158 171 235 168 160 232 249 159 181 219 206 221
229 179 190 226 162 173 192 178 177 191 181 171 221 225 168 190 159 162 171 178 187 212 166 250 174 170 228 168 158 172 171 244 219 245 219 236 250 220 234 240
203 157 201 223 245 218 202 190 219 213 255 173 203 182 226 171 168 196 207 247 200 179 174 159 175 193 207 231 161 188 195 195 184 213 231 184 166 199 159 240
224 193 205 201 173 253 196 191 174 202 222 209 168 243 168 179 238 196 202 207 165 226 184 186 173 214 245 245 207 196 159 224 191 251 178 162 230 229 242 227
252 171 212 214 221 242 181 197 200 206 202 226 252 208 200 253 163 173 182 214 163 207 240 233 197 253 172 173 219 160 205 163 209 180 210 250 168 226 220 231
188 203 199 155 250 189 228 239 205 180 255 211 201 182 169 200 186 235 171 223 224 163 233 194 156 193 171 227 253 205 240 192 209 252 181 215 162 240 238 222
180 189 223 194 161 250 218 182 166 164 219 188 209 252 218 179 225 160 255 212 172 156 241 255 196 217 156 205 155 209 193 202 253 163 198 189 195 194 187 222
231 245 215 243 242 206 239 212 188 157 246 156 240 180 246 179 204 224 253 200 248 167 181 213 227 171 191 200 209 183 239 186 229 247 237 183 196 254 167 252
233 200 172 254 219 192 217 228 173 174 241 227 196 242 169 219 218 157 171 226 170 194 157 159 173 214 183 249 198 218 239 206 211 162 223 202 250 183 250 232
209 218 182 190 198 167 246 242 232 173 221 193 237 197 230 194 197 167 236 159 163 224 184 210 191 190 171 188 174 223 224 190 163 237 171 207 166 223 217 222
224 197 171 180 252 200 224 169 188 183 160 238 202 245 181 241 189 227 254 162 252 212 222 164 205 186 184 155 180 177 183 229 206 230 191 222 208 159 213 252
222 156 155 247 218 242 243 174 211 186 173 194 225 209 165 167 230 161 230 221 171 224 244 165 155 186 186 228 209 214 187 184 168 163 196 250 212 231 202 242
198 165 199 250 159 244 159 252 220 179 248 202 184 248 230 253 167 245 246 186 210 169 220 252 254 244 181 216 167 170 211 255 214 166 177 160 179 250 161 224
181 190 163 185 222 241 155 176 188 198 237 222 240 170 163 184 200 203 251 170 217 198 239 204 223 249 243 172 225 224 229 173 239 234 160 175 160 190 185 224
244 159 183 225 188 244 169 198 158 249 216 232 255 246 205 238 206 215 217 229 253 238 207 220 224 219 238 161 165 244 178 164 172 237 182 213 170 169 170 248
235 199 169 231 162 253 173 249 183 177 224 201 229 212 171 160 208 218 155 225 160 162 188 169 226 206 214 173 218 248 222 192 199 238 249 208 224 231 212 245
200 245 234 243 175 232 191 215 221 177 160 208 169 201 229 227 166 255 160 211 193 155 186 191 211 187 157 247 218 218 192 232 160 184 179 171 183 201 250 253
170 255 208 195 243 169 177 254 163 177 197 224 226 155 188 200 214 197 187 244 230 200 252 157 241 183 202 241 176 212 198 221 160 167 196 194 202 246 204 234
164 158 238 196 176 223 161 160 251 234 213 242 169 161 173 225 157 205 210 214 223 192 233 207 234 231 218 213 215 250 253 223 249 246 234 227 218 210 236 226
176 197 245 197 255 212 207 255 249 226 191 252 191 245 229 227 181 186 218 200 159 203 201 156 236 245 248 179 182 202 162 202 225 192 192 180 203 190 207 227
179 219 219 244 213 155 186 158 171 162 200 187 248 190 168 228 252 243 216 164 219 182 228 202 218 244 182 255 207 203 178 247 234 196 175 196 240 212 199 248
214 244 162 174 156 231 210 189 178 219 184 216 229 198 212 252 247 172 180 225 229 187 207 223 240 209 208 207 169 227 244 194 199 237 206 231 175 208 201 251
189 249 231 243 173 218 172 191 239 179 205 222 186 230 161 181 192 195 190 202 177 158 174 207 230 246 172 248 248 237 232 193 227 193 190 236 211 219 204 227
191 172 223 246 177 177 162 225 230 179 193 235 172 254 220 185 229 179 167 183 201 180 199 157 202 166 251 249 194 181 226 229 246 168 165 159 191 183 185 239
238 203 172 223 199 253 175 228 228 159 161 187 206 175 231 166 229 220 199 165 181 169 185 204 209 219 244 159 243 215 250 200 249 215 201 254 162 231 213 237
247 177 176 189 174 193 178 225 192 255 186 226 240 174 181 224 172 224 169 235 163 171 241 167 165 217 193 246 230 233 158 254 162 250 174 159 248 252 184 225
196 173 222 243 184 179 216 230 188 232 236 194 217 234 196 230 192 163 179 212 255 187 251 215 252 188 219 245 155 177 231 175 194 254 194 245 205 253 238 250
156 219 213 254 252 219 191 183 209 199 222 240 227 228 171 164 178 161 247 252 216 226 229 165 156 215 255 219 194 206 180 195 180 193 211 191 229 252 218 231
252 190 191 211 211 247 204 222 238 185 221 198 161 242 180 186 246 202 253 191 220 228 245 157 174 182 214 189 171 235 190 181 199 214 155 180 189 172 210 223
166 187 237 164 240 238 189 194 168 179 201 182 255 181 223 178 201 189 192 184 188 170 205 157 250 195 254 202 242 255 252 228 248 243 180 187 247 235 172 232
248 174 175 247 189 162 182 172 247 232 235 155 236 181 232 252 237 234 169 200 239 242 207 169 183 229 190 166 156 190 187 221 172 156 191 168 250 213 223 251
167 237 211 164 174 252 247 221 166 183 206 167 220 227 207 161 222 161 219 216 228 170 170 212 200 168 239 235 246 218 157 178 166 182 187 157 186 198 250 231
237 224 155 229 239 174 156 200 204 185 201 244 250 161 169 253 221 254 220 161 167 167 231 203 181 182 156 192 194 205 230 179 167 186 235 159 169 197 228 229
167 193 185 215 172 168 184 159 168 190 191 187 233 244 174 224 248 207 203 212 172 219 161 255 210 176 232 218 182 164 239 179 181 194 249 230 238 170 186 224
254 252 179 159 168 197 202 178 167 166 167 218 249 171 163 204 187 186 160 251 192 221 233 158 207 167 161 193 250 200 241 232 176 191 214 176 195 157 241 224
229 208 206 171 253 175 185 165 186 200 198 207 165 190 230 187 174 175 208 156 191 163 183 222 180 190 196 213 212 242 163 185 200 248 176 239 170 217 161 231
237 251 162 205 157 189 221 241 216 181 157 175 204 240 232 221 179 239 246 218 235 227 208 199 191 168 161 173 168 246 172 212 168 176 174 195 156 234 220 252
224 211 253 186 240 244 236 215 170 211 215 186 226 199 207 164 198 218 169 245 182 202 227 225 164 200 161 183 221 192 219 201 174 155 249 178 230 177 215 236
188 202 158 213 186 241 241 225 225 164 253 193 219 231 218 176 239 183 176 195 238 207 250 234 247 168 166 226 206 183 190 175 158 223 212 236 199 169 193 228