251 240 185 222 242 218 180 239 221 155 250 226 209 167 223 197 185 168 190 199 215 165 172 181 252 199 211 229 165 222 159 240 200 189 240 171 168 180 226 190 217 208 163 192 169 234 199 247 219 209 213 245 207 169 174 240 222 158 226 198 161 206 229 254 251 165 181 174 182 207 184 160 198 155 237 161 157 236 167 201
255 220 165 212 164 170 188 186 170 155 205 164 210 183 183 165 235 165 196 158 207 180 220 167 180 208 201 206 187 167 238 241 247 207 198 197 196 172 245 236 233 250 159 182 157 174 206 170 227 227 182 248 195 163 221 230 255 253 186 211 224 237 255 157 172 219 173 157 240 242 225 218 175 215 181 212 175 192 164 193
157 186 235 216 241 245 200 238 242 224 197 198 241 188 167 252 251 156 164 193 156 203 185 240 156 219 227 236 238 163 209 218 244 180 209 192 156 194 172 182 174 190 170 170 200 181 232 243 203 184 217 173 182 227 159 209 155 251 214 176 173 220 155 234 169 234 210 216 235 230 251 211 240 237 174 221 188 169 194 239
243 240 188 208 201 190 190 171 175 155 191 160 236 251 164 210 189 192 156 222 226 171 163 228 189 161 188 200 208 194 175 242 212 238 189 188 187 203 187 234 198 194 195 235 193 245 231 245 228 220 187 252 168 227 160 226 232 215 173 195 156 246 219 237 235 205 203 253 216 231 178 241 159 177 178 186 231 183 190 219
185 199 228 244 161 179 228 240 232 219 212 227 185 248 233 208 230 214 255 243 196 233 184 252 197 201 247 247 203 229 251 203 180 229 164 213 173 231 230 210 233 219 176 253 174 206 211 167 200 226 212 172 183 202 158 208 170 231 202 216 188 236 191 157 224 164 202 212 238 174 190 255 239 200 165 233 212 187 233 248
245 234 202 233 172 233 174 233 225 212 198 198 184 169 176 252 182 173 184 164 159 255 185 180 191 212 188 239 192 180 252 239 253 211 226 210 189 214 241 246 245 224 242 180 232 248 225 225 179 168 206 193 157 223 242 245 204 176 197 216 200 191 196 199 216 215 200 229 198 222 218 223 188 193 175 190 168 159 204 218
242 218 215 179 230 213 236 184 224 236 160 167 172 179 200 209 183 197 220 171 202 252 181 212 206 238 160 219 203 207 232 199 228 253 229 237 232 172 225 157 235 171 159 218 216 205 206 163 249 221 161 226 194 187 252 246 192 157 228 247 207 171 236 172 158 217 195 174 206 218 233 166 228 217 192 186 248 219 251 190
187 252 226 237 200 161 159 195 156 238 200 229 199 233 206 218 190 242 214 255 164 187 212 185 244 251 254 233 251 221 253 228 161 227 215 210 200 255 228 253 212 155 173 224 173 158 223 250 166 229 251 160 160 252 247 255 195 195 248 204 163 182 199 190 240 227 222 227 173 251 172 191 168 216 197 164 169 244 167 245
183 158 221 176 226 247 223 165 236 215 170 160 161 179 245 185 211 238 239 201 192 251 232 171 211 215 248 199 210 237 241 206 182 163 176 159 216 178 220 249 159 212 246 213 235 167 184 245 227 166 209 186 160 222 203 187 181 205 220 165 255 178 210 255 230 219 233 254 157 240 225 188 173 245 196 236 159 174 191 218
185 157 228 198 183 210 201 216 215 244 234 166 213 209 249 236 156 247 239 170 190 186 242 242 197 175 167 170 181 222 183 162 168 176 235 253 206 167 226 174 173 172 193 169 161 213 230 219 252 215 235 167 191 176 164 255 170 241 156 162 197 185 189 249 215 226 254 191 230 252 184 244 175 219 252 172 249 228 236 244
200 204 174 221 243 170 227 247 167 236 237 221 166 219 233 244 238 200 209 190 215 193 245 255 186 246 248 228 179 247 160 198 159 172 217 249 165 224 160 200 255 161 179 249 169 219 233 212 242 163 189 204 173 201 179 161 214 174 190 253 178 255 223 175 230 194 217 249 156 239 233 169 194 164 191 209 169 251 241 233
167 190 241 171 212 212 180 214 249 210 189 247 189 163 177 155 193 159 174 231 156 240 210 157 185 175 164 163 164 226 248 219 189 223 240 243 168 207 218 172 169 157 155 202 204 242 236 185 243 190 170 164 232 164 220 183 236 238 241 192 202 171 204 177 217 226 213 221 178 189 243 242 197 156 217 255 239 163 209 218
195 234 176 230 210 239 243 179 157 212 162 185 222 181 226 254 209 233 240 233 183 169 162 208 203 183 223 230 203 221 199 227 184 196 252 223 250 230 223 234 239 189 219 221 182 213 175 170 186 219 200 161 179 231 171 181 227 224 182 182 170 167 231 191 168 191 155 181 185 157 158 235 165 161 250 250 205 196 180 248
163 207 199 240 175 193 202 209 180 225 252 181 202 196 218 226 213 182 208 247 212 250 241 183 215 221 251 173 236 176 231 186 198 192 173 219 223 246 171 231 244 202 156 215 161 233 187 225 198 178 192 178 243 189 188 169 222 170 180 210 197 184 228 158 250 220 238 165 177 255 157 222 166 233 158 164 248 181 177 243
189 181 230 213 240 208 198 164 158 158 252 208 221 216 188 214 230 253 221 196 251 176 202 199 175 225 167 165 186 179 176 196 249 198 176 171 209 169 174 197 177 229 162 173 157 205 156 205 199 199 190 251 215 236 242 167 234 186 192 169 195 188 234 235 238 211 214 177 195 172 159 215 233 178 174 176 169 183 197 235
224 217 221 242 245 181 236 168 212 163 192 178 233 160 156 244 251 183 191 201 247 234 164 182 195 230 172 192 216 220 254 206 245 222 200 234 222 247 246 212 231 200 221 187 236 236 238 228 177 185 181 241 247 251 234 246 207 194 202 169 163 199 207 247 165 241 189 165 215 178 177 158 193 235 226 202 167 233 201 228
247 200 169 186 193 167 214 249 244 209 181 183 200 231 203 187 248 230 176 250 202 227 167 255 163 178 203 166 179 187 234 230 248 244 178 218 184 176 208 254 182 195 177 161 252 249 213 217 187 194 209 193 211 207 166 174 188 169 177 170 219 202 225 211 231 206 190 212 208 241 157 227 176 178 223 161 205 161 157 199
221 241 235 241 233 195 173 196 232 158 185 169 254 193 189 235 226 221 185 201 214 156 164 201 191 238 172 188 240 160 225 181 167 163 204 233 222 239 233 191 188 249 235 204 210 243 228 238 245 243 190 239 231 212 211 219 232 188 204 251 178 241 212 227 188 158 157 246 244 211 168 243 244 250 167 220 176 216 247 221
165 190 198 252 225 242 205 210 207 241 156 188 189 238 168 202 192 163 170 206 240 237 249 188 230 203 251 237 199 246 198 171 197 255 241 243 197 215 156 202 208 202 193 158 210 235 208 160 237 221 183 167 200 195 219 183 197 165 177 177 247 224 166 217 197 241 247 189 252 180 160 232 161 224 253 192 198 245 233 251
251 245 155 234 218 185 226 156 191 213 201 187 192 235 210 240 191 232 216 225 243 173 164 212 216 206 160 231 198 182 240 207 187 183 181 157 223 187 254 167 169 245 254 194 234 228 194 182 169 167 155 222 183 163 162 232 236 199 173 166 179 251 214 163 228 250 255 164 208 208 172 159 234 204 211 253 174 225 233 246
166 234 217 185 181 172 179 179 176 204 177 178 169 242 243 173 186 246 221 240 229 185 229 217 251 252 244 234 208 164 213 165 221 185 155 200 189 184 238 210 226 231 244 159 185 249 245 247 216 192 222 184 159 249 169 237 160 255 189 184 184 200 226 166 247 167 213 239 242 197 240 157 162 165 169 253 196 225 186 191
162 252 173 171 198 184 160 227 171 173 195 189 250 209 181 180 160 232 167 173 191 160 160 173 208 219 176 249 235 171 195 191 224 187 176 188 182 210 224 218 161 241 223 223 157 205 162 209 240 244 248 220 212 168 221 157 247 255 219 234 162 167 248 155 233 159 221 217 187 248 254 205 162 205 167 206 193 192 171 191
212 223 163 247 178 231 234 211 221 174 196 182 247 246 211 249 248 222 246 254 239 201 176 247 245 197 212 161 155 170 219 209 239 216 176 194 158 155 232 156 180 165 251 167 206 226 214 171 250 173 213 226 202 172 174 166 201 172 156 236 174 227 210 206 210 242 199 185 224 171 246 248 246 244 228 229 205 164 195 202
239 195 167 238 213 249 162 221 197 165 248 242 254 251 238 208 210 200 212 220 181 184 203 233 183 220 236 213 200 200 216 192 232 238 253 234 215 228 248 217 235 234 244 213 179 158 249 250 160 175 173 159 207 231 248 209 248 189 209 248 168 205 175 252 205 210 164 171 254 158 249 238 207 251 240 203 195 245 209 205
227 241 208 180 182 211 240 155 246 198 242 181 173 155 203 185 213 248 163 224 249 232 252 156 181 190 208 212 246 200 169 157 235 185 175 182 252 251 224 249 225 164 181 210 172 222 219 207 202 210 245 203 236 241 185 250 245 206 254 248 158 183 164 201 184 239 201 244 235 176 188 218 178 170 254 240 206 196 240 228
226 156 164 191 210 221 177 250 255 181 192 201 253 232 246 197 255 236 180 188 176 231 227 181 177 182 180 221 243 201 199 204 221 194 176 156 174 229 246 218 217 207 244 209 239 242 220 201 180 212 240 226 171 207 193 251 184 239 168 183 196 211 161 209 238 244 235 214 211 244 177 180 245 217 227 224 242 173 197 213
217 234 196 185 216 228 188 169 155 180 228 191 215 217 176 160 200 189 226 251 161 160 246 192 189 214 236 209 235 225 163 166 196 233 221 218 170 231 249 164 211 221 214 185 170 242 221 183 195 221 178 207 202 201 184 211 243 158 252 156 247 234 189 185 172 217 250 238 251 214 245 224 196 217 195 196 202 215 176 220
249 208 168 169 201 211 219 250 204 165 230 167 235 248 172 232 186 183 167 209 248 238 187 237 232 210 166 241 161 243 164 183 238 204 162 194 221 175 240 217 253 255 188 241 240 233 245 203 199 218 165 173 203 222 210 166 175 186 192 247 200 234 244 216 155 202 184 186 241 234 165 165 199 206 212 248 204 202 253 254
220 218 196 198 232 246 235 170 249 251 174 189 239 248 171 174 166 228 240 192 203 213 218 221 208 155 229 252 165 218 217 228 189 193 181 237 192 200 239 165 222 169 193 245 214 231 182 207 189 193 237 232 218 215 206 161 155 231 246 232 172 239 160 186 189 201 155 200 221 190 237 221 244 230 226 188 175 228 161 239
229 177 217 228 236 240 165 230 242 174 237 217 209 162 248 238 164 162 211 168 231 237 241 255 211 170 244 243 244 172 242 182 224 169 158 251 177 187 205 204 190 181 213 201 208 175 167 236 237 243 179 168 172 249 156 247 191 217 171 220 252 177 241 225 188 210 248 195 159 253 216 232 212 162 233 204 179 194 201 213
158 162 161 156 249 228 164 231 168 167 214 215 171 240 207 168 196 244 168 254 182 228 232 239 182 203 211 165 170 207 222 252 170 236 217 244 171 239 232 216 201 171 181 247 193 155 216 227 210 220 163 191 181 203 163 186 185 177 230 200 171 254 215 217 200 218 199 190 178 218 252 212 167 208 208 166 201 240 200 206
243 240 211 206 198 186 225 223 227 185 213 249 164 186 199 202 211 220 202 231 212 180 204 247 223 207 178 229 251 253 240 200 232 203 212 187 198 164 173 168 249 232 219 248 159 158 202 236 163 160 210 237 193 225 225 218 190 219 239 246 162 252 227 230 201 168 172 217 229 166 158 202 201 188 238 235 217 211 242 231
159 197 220 245 197 158 162 161 234 250 252 235 181 183 160 253 160 244 202 247 242 241 162 252 157 163 190 160 243 245 156 234 232 174 241 221 186 237 188 197 160 165 238 235 170 179 176 173 182 241 230 228 164 251 234 174 190 223 243 189 223 156 174 244 249 173 157 161 197 195 221 178 211 159 241 231 157 182 237 241
243 171 233 157 170 183 225 237 196 222 185 218 250 254 229 158 247 249 241 252 176 169 232 242 174 207 172 159 164 157 171 162 242 163 201 206 179 171 229 221 203 176 221 230 165 158 183 212 185 238 240 163 197 240 212 228 195 247 239 218 165 220 228 193 205 177 232 241 208 177 235 230 174 175 204 155 203 156 232 200
178 216 230 182 172 162 221 156 207 229 166 187 188 166 210 238 204 182 180 243 181 198 159 162 157 164 245 176 191 212 180 194 170 222 195 205 246 201 176 197 211 231 189 235 166 202 197 163 221 221 206 175 231 244 245 236 211 222 179 162 173 200 220 250 203 227 172 221 226 159 248 158 161 239 186 206 163 180 252 225
223 236 210 225 161 159 218 181 233 214 249 179 176 168 178 166 165 195 186 194 185 232 192 216 229 203 169 248 212 194 227 186 226 225 195 193 245 250 244 199 164 247 244 167 166 223 237 249 215 175 195 224 250 212 180 246 198 250 252 213 245 226 225 193 243 217 209 206 228 240 177 170 207 242 185 194 244 180 205 193
221 176 187 192 254 158 192 168 200 205 251 251 254 185 209 194 176 205 179 204 169 186 175 231 253 180 172 162 181 241 157 172 199 247 247 224 193 188 195 240 180 195 161 178 245 182 172 176 187 247 172 194 155 156 246 190 155 212 194 229 242 185 243 214 203 233 206 162 193 241 155 244 165 195 179 230 179 253 241 235
162 251 230 190 224 219 171 197 155 212 224 236 249 221 253 250 208 202 231 166 231 165 238 202 246 184 183 215 233 171 165 157 227 224 221 246 210 207 246 240 216 164 161 237 171 174 250 199 197 184 177 233 177 229 250 253 167 182 199 195 190 211 220 240 202 221 164 179 255 162 195 155 212 247 206 222 158 156 186 236
189 240 173 204 249 188 236 253 229 224 234 183 162 205 204 159 200 177 190 206 165 225 199 190 245 177 175 186 178 183 249 165 252 229 160 205 193 170 246 168 241 167 206 186 183 166 248 161 197 201 177 236 222 235 216 219 195 238 215 227 168 205 230 201 230 223 186 189 200 255 221 184 187 176 220 254 174 168 161 240
184 168 245 232 161 167 199 171 167 196 165 211 211 173 155 191 192 159 212 216 236 213 217 198 235 248 204 200 170 218 199 182 231 238 198 255 215 253 194 217 178 169 177 158 244 165 228 169 176 184 216 169 212 201 252 227 206 201 252 168 219 255 156 205 252 239 236 229 230 155 231 195 220 250 192 221 191 213 209 235
175 190 179 241 156 184 226 185 241 227 204 169 155 181 253 179 168 227 161 160 185 254 194 175 209 176 205 217 163 186 190 248 248 182 248 184 230 171 203 222 168 206 244 158 207 217 194 194 252 168 207 219 207 204 195 176 251 158 187 236 235 163 176 209 191 211 176 229 188 224 204 253 178 194 248 235 165 190 224 249
237 165 220 250 234 227 196 199 242 227 188 227 239 223 243 159 184 190 223 252 195 221 160 183 220 210 195 167 211 216 166 216 190 195 255 224 199 182 230 220 169 233 242 217 191 233 168 211 207 244 205 230 223 227 207 170 160 191 185 178 186 184 243 181 216 228 191 199 223 173 215 157 215 157 237 218 234 199 248 246
197 239 216 223 165 191 248 218 244 239 219 162 253 206 188 241 245 216 156 218 196 224 243 189 183 203 170 220 246 244 192 216 199 197 237 203 224 174 170 179 235 228 211 240 209 208 160 164 225 252 228 173 198 184 201 229 252 181 195 218 176 182 228 255 202 158 218 210 225 241 172 226 200 232 238 223 168 158 235 239
198 161 250 250 171 173 173 170 251 163 206 197 235 208 158 207 155 212 193 206 245 205 194 240 235 157 229 222 201 234 215 249 201 220 174 169 187 234 238 183 241 203 214 217 189 230 246 247 228 186 223 211 220 184 241 248 222 165 169 169 200 207 224 172 203 213 251 170 188 244 174 176 229 164 220 196 247 233 206 192
166 237 249 170 165 158 183 172 234 182 203 177 219 223 239 189 235 196 168 231 235 231 214 239 166 201 238 211 219 200 156 244 215 165 158 218 213 209 162 199 185 234 192 161 196 253 213 160 180 186 217 205 219 230 180 191 177 164 159 219 176 227 208 188 181 214 218 209 220 176 231 181 189 225 201 156 193 208 198 198
244 232 186 187 238 206 179 240 241 223 195 204 204 198 177 213 180 158 235 238 189 159 196 159 211 191 171 250 184 179 253 225 221 246 231 200 196 175 205 230 189 234 223 253 236 182 232 247 202 243 231 190 228 216 235 240 190 182 232 202 190 185 210 217 226 225 238 213 222 233 172 159 208 160 203 211 191 199 178 208
214 179 203 197 203 217 253 160 166 247 165 169 199 158 195 159 178 161 181 165 199 173 179 225 226 226 237 223 167 179 203 247 158 203 243 165 237 168 168 163 228 232 202 231 223 157 216 205 220 199 187 184 172 168 240 196 155 234 226 232 236 185 248 243 198 173 166 251 170 184 177 165 249 173 192 222 227 204 157 234
164 186 157 224 247 174 229 246 219 202 165 158 197 191 182 198 239 215 187 204 247 221 189 191 176 176 190 254 231 172 224 207 232 158 223 204 182 179 251 178 200 175 187 224 174 174 224 212 247 250 239 167 171 209 232 199 253 221 202 226 239 230 170 201 233 214 181 194 224 233 170 215 219 163 158 226 189 220 172 191
208 233 162 236 189 212 190 178 181 178 207 216 232 180 195 225 160 241 247 215 248 184 244 168 234 178 203 162 205 160 165 187 204 200 172 160 223 189 167 175 178 158 167 200 181 210 238 194 224 189 221 204 229 212 164 178 245 249 157 165 164 182 228 175 168 174 167 187 162 189 157 226 228 226 191 244 172 199 243 205
196 163 194 171 195 216 213 247 191 249 171 229 187 157 166 252 186 248 186 161 198 206 186 190 186 250 231 157 176 175 161 201 161 234 224 155 243 212 236 207 217 175 251 169 172 183 194 226 215 195 213 179 167 236 237 246 232 159 240 201 241 210 226 171 242 226 222 209 188 165 163 229 167 235 200 177 210 172 173 191
210 160 198 236 217 237 188 180 253 234 178 239 227 189 222 161 204 235 182 201 217 241 192 205 186 239 167 188 191 214 190 215 242 237 246 235 167 245 210 159 192 197 212 209 242 179 157 233 167 193 228 231 246 227 196 225 224 248 205 233 224 155 244 193 198 219 253 245 198 242 249 214 180 177 163 175 184 238 218 194
237 190 175 253 241 215 225 169 195 176 166 175 195 232 190 192 208 173 166 177 181 167 189 180 200 168 206 223 218 176 195 241 184 198 252 189 235 246 208 239 250 239 204 177 231 229 174 203 242 227 222 166 227 196 235 224 156 250 208 227 163 156 206 174 237 181 246 253 236 156 212 217 221 182 183 198 219 167 205 236
250 158 236 247 209 184 168 244 218 182 187 240 193 236 230 248 187 185 196 204 238 177 223 240 169 160 201 200 167 191 160 245 200 236 233 160 176 215 220 207 167 156 189 208 224 227 178 240 207 191 166 188 226 155 244 228 190 251 233 204 239 224 232 181 177 198 195 212 158 225 227 228 221 244 191 237 243 169 171 217
238 216 248 232 180 227 173 199 248 159 225 180 237 170 224 199 180 163 185 181 187 221 236 238 219 194 223 238 219 162 241 176 235 191 222 177 231 255 156 205 180 252 220 255 255 202 246 205 174 248 211 234 239 246 164 171 235 165 167 241 159 190 235 240 174 204 200 201 204 201 223 181 162 235 155 191 156 237 239 201
204 172 218 227 207 161 192 245 181 205 197 221 242 170 201 245 171 236 235 205 156 199 156 229 179 185 227 158 245 229 170 254 181 250 192 242 227 162 188 167 166 211 175 254 158 157 194 247 189 165 174 175 156 188 171 159 171 245 202 176 190 189 155 207 190 199 194 247 234 214 172 164 202 223 194 201 179 157 225 204
247 235 225 234 210 250 252 249 234 187 226 238 216 166 232 232 210 223 219 215 218 202 168 230 248 165 229 189 249 226 236 169 175 180 185 211 220 176 253 196 203 201 168 202 244 190 203 191 246 217 246 211 194 165 214 199 222 250 241 199 176 217 255 163 207 211 217 190 236 176 167 189 225 178 166 172 188 221 241 227
217 192 199 187 235 179 231 165 221 241 245 225 190 209 174 242 201 159 251 188 228 168 210 224 204 211 242 170 254 197 166 155 164 183 238 239 172 223 183 182 236 207 225 250 187 198 254 171 158 180 227 183 226 208 240 204 237 230 238 178 193 215 166 179 230 244 216 161 226 191 224 234 232 223 207 176 198 216 192 194
213 225 167 229 225 238 184 211 199 188 156 198 240 159 245 176 195 200 175 198 237 247 200 222 211 249 207 158 155 219 160 176 192 232 221 224 202 193 209 248 214 159 218 193 190 181 249 227 233 186 236 254 196 249 179 221 179 201 172 232 185 181 211 236 183 235 160 163 193 176 229 157 247 182 239 233 184 162 187 209
255 235 180 224 238 162 236 198 207 155 199 156 176 233 217 188 204 238 165 210 175 240 188 212 213 233 162 168 165 202 192 171 169 242 232 205 155 242 253 175 255 217 212 193 232 228 237 168 220 206 183 202 253 232 165 169 202 224 166 159 155 222 188 159 218 183 243 189 155 166 187 217 240 245 211 214 183 250 235 245
252 249 204 214 174 246 173 192 232 218 158 187 231 248 175 187 183 208 230 204 241 202 168 208 174 221 217 163 176 207 242 207 244 181 162 162 173 230 241 228 164 205 213 193 163 255 242 247 225 178 185 231 175 186 155 205 235 251 195 208 183 165 171 179 231 207 199 205 240 167 168 209 222 157 194 190 244 231 200 202
235 225 193 253 177 166 187 212 180 213 182 178 189 188 199 255 189 189 217 211 211 192 161 212 165 231 163 172 248 220 217 159 205 176 228 213 227 173 157 220 175 242 179 182 241 246 174 189 213 195 155 210 168 245 219 197 218 236 243 201 157 169 220 216 252 177 229 168 215 242 182 170 186 253 190 224 168 235 227 203
212 229 215 208 220 161 247 215 212 185 250 246 186 212 217 161 177 218 186 218 171 160 230 227 167 240 178 171 210 250 184 239 164 222 245 184 209 167 252 245 186 168 211 184 247 191 240 230 190 184 201 205 203 164 158 206 255 244 195 235 239 231 160 218 156 166 237 219 223 188 207 165 222 197 186 158 205 200 236 239
155 204 236 180 203 235 191 155 219 194 185 221 227 171 160 211 162 249 183 235 210 175 161 157 232 191 238 161 233 255 156 209 163 219 234 189 251 235 169 176 231 237 155 184 158 242 194 205 191 230 252 211 172 155 176 235 197 233 204 167 252 184 177 219 193 231 212 163 193 227 216 182 235 161 159 229 175 233 255 248
253 187 225 157 158 200 192 163 197 255 247 172 186 156 180 201 214 192 247 182 184 185 167 220 169 224 231 165 251 203 215 219 233 214 170 219 214 174 215 248 194 204 221 194 235 198 251 234 237 214 169 238 242 228 216 222 175 160 244 190 225 181 167 249 194 183 195 228 241 216 242 194 232 254 244 235 220 229 240 235
228 252 184 191 188 232 232 160 253 204 199 208 185 179 177 167 191 227 255 207 158 178 248 176 227 231 160 243 239 237 156 201 176 173 217 228 253 231 215 217 206 189 231 192 171 189 163 207 232 231 198 248 230 188 222 205 159 163 220 213 226 245 176 170 202 254 187 167 218 204 170 215 167 193 156 224 202 211 159 214
222 209 166 163 193 164 227 244 206 167 224 244 166 157 246 216 168 215 245 173 156 252 245 182 215 238 236 191 186 254 157 203 158 181 247 172 233 168 233 193 181 199 216 206 235 181 204 164 202 195 211 243 221 241 192 226 219 239 203 211 184 190 212 208 164 175 241 240 166 228 239 155 238 207 247 212 190 194 202 211
189 226 245 247 198 170 238 172 245 176 209 250 220 177 163 247 243 163 196 215 196 220 254 229 212 210 159 168 250 235 190 179 191 169 176 213 200 220 164 250 193 223 250 245 174 245 190 216 198 155 225 182 254 243 248 225 227 170 190 243 165 225 178 165 241 184 213 205 155 205 201 177 254 201 177 229 225 164 210 233
174 199 225 249 164 162 181 203 177 207 242 184 185 177 240 223 199 239 159 245 186 241 216 248 210 203 183 207 221 174 255 218 216 223 223 222 255 185 156 233 157 164 182 203 219 171 247 232 217 209 184 241 159 220 190 189 238 233 193 217 234 230 238 158 207 179 224 218 209 172 224 169 238 181 242 177 213 167 184 215
211 207 245 167 245 169 213 252 187 189 239 177 248 195 255 183 182 179 251 194 202 184 177 199 240 170 157 234 233 168 231 225 203 254 160 182 240 226 168 193 222 227 185 175 189 202 176 198 182 213 251 188 172 246 247 182 185 201 182 230 166 234 173 174 213 168 229 249 189 228 199 211 166 213 228 230 254 157 165 214
249 215 207 174 173 197 208 213 161 234 252 193 198 194 181 243 209 166 217 175 228 183 163 209 168 194 177 214 172 171 183 182 190 245 236 207 181 254 155 170 215 171 242 211 231 161 168 227 186 240 176 243 196 245 220 221 206 253 160 234 174 249 195 245 205 225 158 208 213 230 217 210 165 201 216 212 196 208 234 194
181 205 183 188 251 195 242 201 180 170 156 183 248 176 251 221 231 253 161 160 158 215 169 211 178 222 232 250 184 162 179 253 174 254 208 224 221 162 250 164 238 212 183 197 229 188 217 245 205 250 236 199 202 228 159 222 191 227 165 183 218 248 171 173 246 158 164 250 224 182 155 224 157 252 178 201 186 228 238 248
160 243 199 189 182 236 206 201 249 242 188 249 252 221 201 246 195 165 206 225 178 222 176 178 250 166 196 206 205 214 190 219 245 175 178 231 203 238 246 164 207 219 155 237 249 161 228 192 205 187 160 176 176 168 221 193 222 176 195 170 195 155 251 190 206 225 159 231 197 226 198 213 174 196 172 215 221 194 185 247
194 159 155 173 208 168 197 231 210 241 163 181 198 230 225 207 224 221 185 178 156 252 250 234 244 203 157 235 251 161 227 183 246 207 232 191 255 232 238 193 183 183 176 212 217 171 170 199 227 221 246 155 163 161 241 197 164 177 184 160 165 218 236 203 168 236 191 246 254 188 207 247 239 248 251 229 230 192 171 237
187 213 162 185 170 227 175 240 221 189 181 233 203 232 182 220 203 228 198 237 236 179 201 193 168 255 172 171 166 167 222 227 160 211 228 208 210 206 188 197 216 206 180 219 161 230 198 161 220 185 181 157 250 190 248 163 167 224 171 171 210 158 229 208 222 210 227 247 159 230 165 252 195 156 176 184 255 237 187 215
211 165 206 236 242 220 233 226 219 219 195 241 190 172 243 212 233 227 253 207 157 207 156 246 175 184 217 249 168 218 163 186 192 233 215 199 208 249 222 156 232 156 182 195 190 179 217 178 169 220 207 182 239 235 191 159 164 216 216 212 157 240 212 156 211 163 203 212 212 198 158 240 160 251 230 155 179 216 210 251
223 194 235 204 165 237 202 213 196 210 190 248 187 164 254 248 199 181 240 181 231 159 221 226 216 223 177 244 159 190 236 203 160 220 245 219 160 163 246 229 216 246 171 157 163 166 207 251 252 238 212 254 232 184 174 219 228 163 244 198 214 214 208 160 230 242 242 223 175 190 242 191 190 165 220 240 244 219 217 221
170 182 248 177 234 238 227 232 201 181 247 252 175 203 170 157 193 165 182 176 180 240 230 217 251 175 218 221 219 189 230 163 202 194 182 186 221 186 181 248 170 164 176 250 198 246 171 243 251 218 202 233 192 195 178 186 207 185 181 214 174 160 168 166 206 239 205 236 175 239 191 162 240 190 161 170 218 235 173 193
159 231 226 156 243 253 227 161 171 251 235 191 159 223 228 164 252 164 199 215 195 191 223 166 181 195 249 156 189 163 224 227 166 175 209 199 190 167 179 208 166 198 220 179 159 155 157 171 217 253 173 208 191 214 220 223 162 214 230 202 159 225 228 162 182 162 179 239 168 184 229 240 240 246 203 253 227 198 161 206
192 232 194 192 245 171 191 208 211 241 191 231 192 232 204 196 226 212 253 252 232 173 157 188 178 189 223 200 166 223 252 219 208 205 165 182 185 191 172 165 227 226 183 182 248 254 202 163 197 161 181 169 201 164 203 174 229 161 169 210 203 246 197 244 245 228 178 242 222 176 166 190 194 242 180 161 245 231 196 206
243 215 158 159 197 237 173 198 156 246 209 179 177 218 217 236 184 195 193 175 230 215 196 175 251 246 231 215 240 197 184 254 220 245 223 244 243 193 202 162 209 236 241 231 223 242 168 232 179 200 232 205 192 176 205 182 174 238 163 206 161 213 213 215 217 210 214 187 250 229 249 247 249 186 221 250 230 220 208 195