181 182 162 173 158 170 179 170 186 175 175 181 189 169 172 164 166 182 169 174
194 171 175 178 177 179 193 198 189 183 166 168 171 178 186 174 178 180 177 174
170 179 172 169 176 178 172 171 170 166 162 175 171 171 170 183 206 173 176 174
184 179 168 175 195 177 175 187 185 184 177 166 176 176 178 179 171 165 169 184
177 179 174 192 182 173 169 181 177 178 174 195 176 172 172 177 177 162 173 177
171 175 172 188 182 172 188 169 179 167 165 173 171 164 179 165 173 176 179 184
173 173 178 174 178 171 178 161 177 181 192 185 183 186 177 178 180 172 190 193
168 175 172 171 174 200 169 178 178 171 183 166 173 169 178 169 173 170 177 186
170 162 187 170 184 174 163 173 186 187 172 168 180 185 188 176 173 174 169 176
178 175 176 172 174 180 180 169 198 188 166 170 176 175 179 184 183 174 182 169
177 171 180 178 167 186 171 181 187 179 184 175 189 190 172 178 181 176 177 179
174 171 168 173 173 179 177 176 162 168 184 174 186 180 176 185 177 172 165 176
175 181 177 179 169 180 170 172 178 181 172 177 181 182 174 168 180 169 175 178
186 182 182 180 179 174 171 169 181 169 165 183 175 167 182 172 189 169 172 175
190 176 173 176 177 186 163 161 175 176 181 178 179 170 178 169 172 171 184 186
178 169 180 171 179 167 170 184 171 166 177 184 181 166 183 168 175 179 174 191
182 170 191 172 178 173 172 177 173 173 177 172 186 182 175 171 178 164 179 173
175 189 178 188 172 172 172 174 183 167 174 179 184 178 175 175 163 183 168 182
166 180 181 184 189 167 173 169 182 178 173 168 172 174 167 156 189 174 171 194
172 183 185 171 180 178 178 176 176 176 175 169 178 179 168 162 185 175 179 189
