240 240 224 233 212 222 229 231 232 229 229 243 235 225 235 238 228 236 226 226
241 229 228 230 237 241 247 244 241 242 232 228 231 248 237 216 225 236 223 238
220 230 236 233 236 244 233 232 239 221 229 231 231 227 234 245 242 240 238 238
230 233 232 231 241 239 227 233 238 238 231 227 222 240 221 234 233 227 235 242
243 231 226 241 234 239 228 235 244 236 235 243 234 218 225 231 243 230 238 239
235 229 220 248 240 228 243 213 235 226 234 241 233 226 247 225 230 246 246 221
229 229 240 238 236 242 222 226 228 243 242 235 227 237 249 233 238 234 238 241
227 235 234 233 234 242 229 240 234 221 237 223 231 226 234 237 215 232 230 232
230 218 239 243 248 239 225 233 234 241 235 224 231 243 240 234 231 232 227 238
234 243 235 238 212 231 244 232 246 240 219 238 223 239 232 238 237 244 234 235
239 225 238 247 229 241 219 236 243 227 238 227 237 236 234 232 227 234 232 242
233 237 226 215 231 233 234 236 227 222 234 232 239 230 234 235 227 226 222 215
235 227 235 235 229 232 228 217 242 239 228 229 228 235 242 229 241 231 225 226
242 245 234 236 221 233 227 240 235 230 228 245 231 231 242 234 222 224 228 235
240 234 233 236 225 236 223 219 237 238 232 243 231 230 236 216 229 229 236 237
236 223 236 223 229 217 234 242 225 234 229 243 231 227 241 232 233 228 239 240
240 228 247 234 240 242 226 243 225 237 227 228 236 236 229 229 234 218 239 216
227 241 246 244 232 215 234 229 246 237 225 236 244 234 229 243 231 222 222 240
216 233 230 236 235 237 239 229 232 240 225 221 236 240 222 219 239 240 241 242
236 239 247 223 240 230 237 234 224 230 233 244 232 212 219 222 237 239 245 234
