240 240 181 240 240 240 182 240 224 162 224 224 233 173 233 173 158 158 212 212 222 170 170 170 229 179 229 229 170 231 170 231 186 186 232 186 175 175 229 175 229 229 175 175 181 243 181 243 235 189 189 235 225 169 169 225 235 172 235 172 164 164 238 238 228 166 166 166 182 182 182 182 226 169 226 169 174 226 174 226 
240 240 181 181 182 182 182 182 162 162 224 162 233 173 173 173 212 158 212 158 222 170 222 170 179 229 179 229 170 170 231 231 232 232 186 186 229 175 229 229 229 229 175 175 181 181 181 181 235 235 189 235 169 169 225 225 235 235 172 235 238 238 238 164 166 228 166 166 236 236 236 236 169 226 169 226 174 174 174 174 
181 181 240 240 240 240 182 240 224 224 224 224 233 173 173 233 212 158 158 212 170 222 170 222 179 229 229 229 231 170 231 231 232 186 232 186 175 175 175 175 175 175 175 175 181 181 243 243 189 189 235 189 169 225 169 225 172 235 235 172 164 238 164 238 166 228 228 228 236 236 236 182 226 226 169 226 174 174 226 226 
240 240 181 181 182 182 182 182 162 162 162 162 233 233 173 233 212 212 158 212 222 170 170 222 179 179 179 179 231 170 170 231 232 232 186 186 175 229 175 229 229 175 175 229 181 243 243 243 235 235 189 235 169 225 169 225 235 235 172 172 164 238 238 238 228 228 228 228 236 236 182 236 169 169 169 169 226 174 174 226 
194 194 241 241 171 171 229 229 228 228 228 228 178 230 230 230 237 237 237 237 179 241 179 241 193 193 247 247 198 244 244 198 189 241 189 189 183 242 242 183 232 232 166 232 168 228 228 168 171 231 231 171 178 178 178 178 186 237 186 237 174 216 174 174 225 178 178 225 236 180 180 236 223 223 177 223 238 174 238 238 
241 241 194 241 171 229 171 229 228 228 175 175 178 178 178 230 177 177 177 177 179 241 179 179 193 193 193 247 198 198 244 244 241 189 241 189 183 183 242 242 232 232 232 166 228 228 228 228 171 171 231 171 178 248 248 248 186 186 186 237 216 174 216 216 225 225 178 225 180 236 236 236 177 177 177 177 174 174 174 238 
241 194 194 194 229 229 229 171 228 228 175 175 178 178 178 230 177 177 237 177 179 241 179 241 193 247 193 193 198 198 244 198 241 241 241 241 242 183 242 183 232 166 166 232 228 168 228 168 231 231 171 231 178 178 248 248 186 186 237 237 216 174 216 174 178 225 178 178 180 236 236 180 223 223 177 177 238 238 238 174 
194 241 241 241 229 171 171 171 175 228 175 228 178 230 230 230 177 237 237 237 179 179 241 179 247 247 247 247 244 198 244 244 189 241 189 189 183 242 242 242 232 166 166 232 168 168 228 228 171 231 231 171 178 248 248 248 186 186 237 186 174 174 216 174 225 225 225 225 180 236 180 180 177 223 223 177 174 238 174 238 
170 170 220 170 230 230 230 179 236 236 172 172 169 169 233 169 236 236 236 176 178 244 244 178 233 233 233 233 232 232 232 232 170 170 170 170 221 166 221 221 162 229 229 229 231 175 175 231 231 171 231 171 171 227 227 171 170 234 234 170 245 183 245 245 242 206 242 242 173 240 240 173 176 238 176 238 174 174 174 238 
170 170 220 220 179 179 179 230 236 236 236 172 233 233 233 233 176 236 236 176 178 178 244 244 172 172 172 172 171 232 171 171 170 170 239 239 221 166 221 166 162 162 229 162 175 231 231 231 231 231 231 171 171 171 171 227 170 234 170 170 183 183 183 245 206 242 242 206 240 240 173 240 176 238 238 176 238 238 238 238 
220 220 170 220 230 179 230 230 172 236 236 236 169 233 233 233 236 176 236 176 244 178 244 244 172 233 233 233 171 232 171 171 170 170 239 239 166 221 166 221 229 162 162 229 175 231 231 231 231 171 171 231 171 227 171 171 234 170 170 234 183 245 245 183 242 206 206 242 173 240 240 173 176 176 176 238 174 238 238 238 
170 170 220 170 230 230 179 230 236 172 172 236 169 169 169 169 176 176 176 236 178 244 178 178 172 172 172 172 171 232 232 232 170 239 239 239 166 221 221 166 162 162 162 229 175 231 231 175 231 171 171 171 227 171 227 171 234 234 234 170 183 183 183 183 206 242 206 206 173 173 240 240 176 176 238 238 238 174 174 238 
184 230 184 230 233 233 233 179 168 232 168 168 231 175 231 231 195 241 241 241 177 177 177 239 227 175 227 227 187 233 187 233 185 185 238 238 238 238 238 238 231 177 231 231 166 227 166 166 176 222 222 176 176 240 176 176 221 221 178 178 179 179 234 179 171 171 171 171 165 165 165 227 169 169 235 235 184 184 184 242 
184 184 184 230 179 179 179 233 168 232 232 168 175 175 231 231 195 195 195 241 239 239 239 177 227 227 227 175 233 187 233 187 185 185 185 238 238 238 184 238 231 177 177 231 166 227 166 227 222 176 176 176 240 176 176 176 221 178 178 221 179 179 234 179 233 233 233 171 165 227 165 227 169 235 169 169 242 184 184 242 
184 184 230 230 233 233 179 179 168 168 232 232 231 231 175 231 241 241 241 195 239 177 177 177 175 227 175 175 187 187 187 187 238 185 185 185 184 184 184 184 177 231 177 177 166 227 166 227 222 222 176 222 240 240 240 176 221 178 178 178 179 179 234 234 233 233 233 171 227 165 165 227 235 169 169 169 184 184 184 242 
230 230 230 230 233 179 233 179 232 168 168 168 231 175 175 231 241 195 195 195 239 239 177 177 175 227 175 175 233 233 233 187 238 238 185 238 238 238 238 184 231 177 231 177 227 227 227 227 176 176 176 222 240 240 240 240 221 178 221 178 179 179 234 234 171 233 171 171 227 165 165 165 169 235 235 235 184 242 184 242 
243 177 177 177 179 179 231 231 226 226 174 174 192 241 192 192 234 234 182 234 173 239 173 239 169 169 228 169 181 181 235 235 244 244 177 244 178 178 236 236 174 174 174 174 243 243 195 195 176 176 234 176 218 218 172 172 172 172 172 172 231 177 231 231 243 177 177 243 230 230 162 230 173 173 238 173 177 177 177 177 
243 243 243 243 231 179 179 179 226 174 174 174 241 192 192 241 234 234 182 182 239 173 173 173 169 228 169 169 235 181 235 181 177 177 177 244 236 236 236 178 174 235 235 235 195 243 243 243 234 234 176 234 218 218 218 218 225 172 225 225 177 231 231 231 177 177 177 243 230 230 162 230 238 238 173 238 177 239 239 239 
177 177 177 243 231 231 179 231 226 226 174 174 192 241 192 192 182 182 182 182 239 239 239 173 228 228 228 228 181 235 181 181 177 244 244 244 178 236 178 178 235 235 174 174 195 243 195 195 234 234 176 176 218 172 218 172 225 172 172 172 231 231 177 231 177 243 243 177 230 162 162 230 173 238 238 173 177 239 239 239 
243 243 177 243 231 179 231 179 174 226 226 174 192 241 192 241 182 234 234 234 239 173 173 239 228 228 169 228 181 181 235 235 177 177 177 177 236 178 236 178 174 235 235 174 243 243 195 195 176 176 176 234 172 172 172 218 225 225 172 172 177 231 231 177 243 243 243 177 230 230 162 162 238 173 238 238 177 239 239 239 
171 235 235 171 175 175 175 175 172 220 172 172 188 248 248 188 182 240 240 240 228 172 228 228 243 243 243 243 213 169 213 169 235 179 179 179 167 167 226 226 234 234 234 165 173 241 241 241 233 171 233 171 164 226 164 226 179 247 179 179 165 225 225 165 230 173 230 230 246 176 246 176 179 179 179 246 184 221 184 184 
171 235 171 171 175 175 175 229 172 172 220 172 248 188 188 188 182 240 182 182 172 172 172 172 188 243 188 243 213 169 213 169 235 179 179 179 167 226 226 226 165 234 234 234 173 173 173 241 233 233 233 233 226 164 226 164 247 247 247 247 165 165 225 165 230 173 230 230 176 246 246 176 179 179 179 179 184 184 184 184 
235 235 171 235 175 229 229 229 220 172 220 172 248 248 188 248 240 240 240 240 228 228 172 228 243 188 188 188 169 169 213 213 235 235 179 179 167 167 226 167 165 165 234 165 173 241 241 173 233 171 233 233 226 164 164 164 179 179 179 247 165 225 225 225 230 230 173 173 246 176 246 246 246 246 246 246 221 184 184 221 
235 171 171 235 229 229 175 229 220 172 220 220 248 248 248 188 182 182 182 240 172 172 228 228 188 243 243 188 213 213 213 169 235 235 235 235 226 226 226 226 234 234 234 234 173 173 241 241 171 171 171 171 226 226 226 226 247 179 179 247 165 225 165 225 173 230 173 173 246 176 246 246 179 246 246 179 184 221 221 221 
229 229 229 173 173 229 229 173 240 178 240 178 174 174 174 174 236 236 178 236 242 242 242 171 178 178 222 222 226 226 161 161 228 177 177 177 243 243 243 243 242 192 192 192 185 235 235 185 183 227 227 183 237 237 186 237 249 177 249 249 178 178 178 178 180 238 180 238 234 172 172 234 190 190 238 238 193 193 241 241 
229 173 173 173 229 229 173 229 240 178 178 240 238 238 238 174 236 236 178 178 171 242 242 171 178 178 178 222 226 226 226 226 228 177 177 177 181 243 243 181 242 192 242 192 235 235 235 185 183 227 227 227 186 186 186 237 177 249 177 177 178 233 178 233 238 238 238 238 234 234 172 172 238 238 238 238 241 193 193 193 
229 229 173 173 229 229 173 173 178 178 240 178 238 238 174 174 178 178 236 236 171 171 242 171 178 222 222 222 226 226 161 161 177 228 228 228 181 243 243 181 192 242 192 192 185 235 235 185 183 227 183 227 186 186 186 237 249 177 249 177 233 233 178 178 180 238 238 238 234 234 234 234 190 238 190 190 193 241 193 241 
229 229 173 173 173 229 229 229 240 178 240 178 238 238 174 238 178 178 178 236 242 242 171 242 222 222 178 222 161 226 161 161 228 228 177 177 243 181 243 181 242 242 192 242 235 235 235 185 183 227 183 183 186 237 237 186 177 177 177 249 178 233 233 233 180 180 180 180 234 234 172 172 190 190 190 238 193 193 241 241 
227 227 168 168 235 235 235 175 234 234 172 172 233 233 171 171 174 234 234 174 200 200 200 200 229 169 229 229 178 240 240 240 178 178 178 234 171 221 221 171 237 183 183 237 223 223 166 223 173 173 231 231 226 226 226 169 178 234 234 234 169 237 169 169 173 215 173 215 232 170 232 232 230 230 230 177 186 232 186 232 
227 168 227 227 235 235 175 235 234 172 234 234 233 171 233 233 174 174 234 174 242 242 242 242 229 169 229 229 240 178 240 178 234 178 178 234 171 171 221 221 183 183 237 183 223 166 166 223 231 231 173 173 169 226 169 226 178 234 178 234 237 169 237 237 173 215 215 173 170 232 232 232 230 177 230 177 186 186 186 232 
168 168 168 168 235 235 175 235 172 172 234 234 171 233 233 171 174 234 174 234 200 242 242 242 169 169 229 169 178 178 240 240 178 234 234 234 171 221 221 221 183 183 183 237 166 166 223 223 231 231 173 173 169 226 169 169 178 178 234 178 169 237 237 237 215 215 215 173 170 232 232 232 177 230 230 177 186 232 186 186 
227 227 227 227 175 175 235 235 234 172 234 234 171 171 171 233 234 234 174 234 200 200 200 242 229 229 169 229 240 240 240 178 234 178 234 178 221 171 171 171 237 237 237 237 166 166 223 223 173 173 231 231 169 226 226 226 178 234 234 234 169 237 237 237 215 173 173 215 232 170 170 170 177 177 230 230 232 232 232 232 
170 170 230 230 218 162 162 162 239 239 239 239 170 170 170 243 184 248 184 248 239 239 174 239 163 163 225 163 233 233 173 233 234 186 234 234 187 241 187 187 172 172 235 235 168 168 168 168 180 231 231 231 185 243 243 185 188 240 240 188 234 176 176 234 231 173 173 173 174 174 232 174 227 169 227 227 176 176 238 238 
230 170 230 170 162 218 218 218 187 239 187 239 243 243 243 170 248 248 248 248 174 174 239 239 163 225 163 163 173 173 173 173 234 186 186 186 187 187 241 241 172 172 235 235 168 168 168 224 180 231 231 180 185 243 185 243 188 240 240 240 176 234 234 176 173 173 231 231 232 174 232 232 169 169 227 169 176 176 238 176 
170 230 230 170 162 162 218 162 187 239 187 187 170 170 243 243 184 184 184 248 174 174 174 174 163 163 225 163 173 233 173 173 186 234 186 186 241 187 187 187 235 235 172 235 168 224 224 168 231 231 180 180 243 243 243 243 188 240 188 188 176 176 234 234 173 231 173 231 232 174 232 174 169 227 169 227 176 176 238 238 
230 230 230 230 162 162 218 162 239 187 239 187 170 170 170 170 184 184 184 184 174 239 174 239 225 225 163 225 233 173 233 173 234 234 186 186 241 241 241 187 172 235 235 172 168 224 224 224 231 180 180 231 243 185 185 243 188 240 240 188 234 234 234 176 231 231 231 231 232 232 174 174 227 227 169 169 238 176 238 176 
234 178 178 178 243 175 175 175 176 176 235 235 238 172 238 172 174 212 174 212 180 180 180 231 244 180 180 180 169 232 169 169 198 246 246 198 188 188 188 240 166 219 166 166 238 170 170 170 176 223 176 176 175 175 239 175 179 232 179 232 238 184 238 238 183 237 183 183 174 244 174 244 182 182 182 234 169 235 235 235 
178 234 234 178 243 243 175 175 176 235 235 235 238 238 238 238 212 212 212 174 231 180 231 180 244 180 180 244 232 169 169 169 246 198 198 246 188 188 240 240 219 166 166 219 170 170 238 238 223 176 176 223 175 239 239 239 179 179 179 179 184 184 238 238 183 237 183 183 244 174 174 174 234 234 182 234 169 169 169 235 
178 234 178 234 243 175 243 243 235 235 235 176 172 238 172 172 212 174 174 212 180 231 180 180 244 180 180 180 169 169 232 169 246 246 198 198 188 188 240 188 219 166 219 219 170 170 238 170 223 223 176 223 239 239 239 239 179 232 232 232 184 184 238 184 237 237 183 183 174 244 244 174 182 182 234 234 169 169 169 235 
178 178 234 234 175 175 175 175 176 176 176 235 238 172 172 172 174 174 212 212 231 231 231 180 244 244 180 180 169 232 232 169 246 246 198 246 240 240 188 240 166 166 166 166 238 170 238 170 176 176 223 176 175 175 239 239 232 179 232 179 238 238 184 184 237 237 237 237 244 174 244 174 234 234 182 234 169 235 235 235 
177 177 177 239 171 171 225 171 238 238 180 180 178 178 247 178 167 229 167 167 186 241 186 186 219 171 219 219 181 181 181 236 243 187 243 187 227 179 227 227 184 184 238 184 227 227 175 175 237 189 189 237 190 190 190 190 234 172 172 234 232 178 178 232 181 227 181 227 176 234 176 234 177 177 232 232 179 179 242 242 
239 177 239 239 225 225 225 225 238 238 180 238 247 247 247 178 167 167 229 229 186 241 186 186 219 219 171 171 181 236 181 236 187 187 243 243 179 179 227 227 184 238 238 238 175 227 175 227 189 237 189 237 236 236 190 190 172 172 172 172 178 178 232 178 227 227 181 181 234 176 234 176 232 177 232 232 242 179 242 242 
177 239 239 239 171 171 225 225 238 238 238 180 247 178 178 247 229 229 167 229 186 241 241 186 171 219 171 219 236 236 181 236 187 187 243 187 227 179 179 179 238 238 184 238 227 227 175 175 237 237 237 189 190 190 190 236 234 172 234 234 178 178 232 232 181 181 227 227 234 234 176 234 177 232 232 232 179 179 242 242 
177 177 239 239 171 171 171 171 238 180 180 180 247 247 178 178 167 229 167 229 241 186 186 241 219 171 219 219 181 236 236 236 187 243 187 187 179 227 227 179 238 184 184 238 175 227 227 227 237 189 237 189 236 190 236 236 234 172 172 172 178 232 232 178 181 227 227 181 176 234 176 176 232 177 232 177 242 242 179 179 
174 233 233 174 171 171 171 171 226 168 226 168 215 215 215 173 231 173 173 231 233 233 233 233 177 177 234 234 236 176 176 236 227 162 162 227 222 222 168 222 184 234 184 184 174 232 232 174 186 186 239 186 230 230 180 180 176 176 176 234 185 235 185 185 177 227 227 227 226 172 226 172 165 222 222 165 176 215 215 215 
233 233 174 174 237 237 171 237 226 226 168 226 215 215 173 215 173 173 231 231 179 179 179 179 234 177 177 234 176 176 236 236 227 227 227 162 222 168 222 222 184 234 234 234 232 174 232 232 186 239 239 186 230 230 230 230 176 176 234 176 185 185 235 235 227 227 227 227 226 226 172 172 222 165 222 222 176 215 176 215 
233 174 233 174 171 237 237 171 168 226 168 168 215 173 173 173 173 173 173 173 179 179 179 233 234 234 234 234 176 176 176 236 162 227 227 162 222 168 168 168 234 234 184 234 232 174 232 174 239 186 186 186 180 180 230 180 176 234 234 234 235 185 235 235 177 177 177 227 172 172 172 172 222 165 165 222 215 215 176 215 
174 174 174 233 237 171 237 237 226 226 168 168 215 173 173 215 231 231 173 231 233 233 179 179 177 177 177 234 236 176 236 236 227 162 227 227 168 168 222 168 184 184 184 234 174 174 232 232 239 239 239 186 180 230 230 180 234 234 176 234 235 235 185 185 227 227 177 177 226 226 172 226 222 165 165 222 176 215 176 176 
235 235 175 235 181 227 181 181 177 177 235 235 235 179 179 235 169 229 229 229 232 180 232 180 228 170 228 170 217 172 172 172 178 178 178 178 239 181 181 181 172 172 172 228 177 229 229 177 228 181 228 181 235 182 182 182 242 242 174 174 168 168 229 168 180 180 180 180 169 169 169 231 225 225 175 225 178 178 226 226 
175 175 175 175 181 227 227 227 177 235 177 235 179 179 179 235 169 229 169 169 180 232 180 180 170 228 228 170 172 172 172 217 178 242 242 178 239 239 239 181 228 172 228 172 177 177 177 229 228 181 228 181 182 235 235 235 242 174 242 174 229 229 229 168 241 241 241 180 169 169 169 231 175 225 225 175 226 178 178 178 
235 175 175 235 227 227 181 181 235 235 177 235 235 179 235 179 229 229 169 229 232 232 180 232 170 228 170 170 172 217 172 217 242 242 242 242 181 239 181 181 172 172 228 228 229 177 177 229 181 181 228 228 235 235 182 235 242 242 174 242 229 168 229 168 180 241 241 241 169 231 231 231 175 175 175 175 178 226 226 178 
235 175 175 235 227 227 227 181 177 177 177 177 179 235 179 179 229 169 169 169 180 180 180 180 228 170 228 228 217 172 217 217 178 178 242 178 239 239 181 239 228 228 228 172 229 229 177 229 228 228 228 181 235 182 235 235 174 242 174 242 168 168 229 168 241 180 241 241 231 169 231 231 225 175 175 225 226 178 226 226 
242 186 242 242 182 182 182 245 234 182 182 234 180 236 236 236 179 179 179 221 233 174 233 233 171 171 227 227 169 169 169 240 181 235 235 181 169 230 230 230 165 165 165 228 245 245 183 245 231 175 175 175 231 167 231 231 182 242 242 182 234 234 234 172 189 189 189 222 169 224 224 224 228 228 172 228 235 175 175 235 
242 186 242 242 182 245 182 182 234 182 234 182 236 180 236 180 179 179 179 179 174 233 233 233 227 171 227 227 240 169 240 169 235 181 235 181 230 230 169 230 165 228 228 228 245 183 245 183 175 231 231 231 231 231 167 167 242 182 182 242 172 172 234 234 189 222 189 222 224 224 224 169 172 228 172 172 175 235 235 175 
186 186 186 242 182 182 182 245 182 182 182 234 236 180 180 236 179 221 221 221 174 174 174 233 171 171 227 171 240 240 169 240 181 235 181 235 230 169 169 169 165 228 165 228 183 183 183 245 175 175 175 175 167 167 167 167 182 242 182 182 172 172 172 234 189 189 189 222 224 224 169 169 228 228 172 228 175 175 235 175 
242 242 242 242 245 245 245 245 234 182 234 234 236 180 236 236 221 221 221 221 233 174 174 233 227 171 227 171 240 240 240 169 181 181 181 235 230 169 230 169 228 228 165 228 245 183 183 183 231 231 231 231 167 167 231 231 242 242 242 182 172 234 234 172 222 222 222 189 224 169 169 169 228 172 172 172 175 235 235 235 
240 190 190 190 234 176 234 176 233 233 233 233 176 236 176 236 225 177 225 177 236 186 186 236 223 223 223 163 219 219 161 161 175 175 237 237 176 238 176 176 232 181 232 232 178 178 243 178 179 179 231 179 230 230 230 230 236 236 236 178 216 216 169 169 229 229 229 172 229 171 229 229 236 236 184 184 186 237 186 186 
190 240 190 240 234 234 176 234 173 173 173 173 236 176 236 176 177 177 177 177 236 236 186 236 223 223 223 163 161 219 161 161 175 237 237 237 176 176 238 238 232 181 232 181 178 178 243 243 231 179 231 231 170 230 170 230 178 178 178 236 169 169 216 216 172 229 172 172 171 171 229 171 236 184 236 236 186 186 186 237 
240 240 190 240 234 176 234 176 233 173 173 173 176 236 236 176 225 225 177 225 186 236 186 236 223 223 163 163 161 219 219 161 175 237 237 175 176 238 238 176 232 232 232 181 243 243 243 178 231 231 179 179 230 230 170 170 178 236 178 178 169 216 216 169 229 172 229 172 171 171 171 229 236 236 184 236 186 237 237 237 
240 240 190 190 176 234 176 176 233 233 173 173 236 236 176 176 177 225 225 225 236 186 186 186 163 223 223 163 161 219 219 219 237 175 175 175 176 238 238 238 181 181 232 181 178 243 243 243 231 179 179 231 170 170 170 230 236 236 178 236 169 169 169 169 229 229 172 229 229 171 171 229 236 184 184 184 237 237 186 186 
236 236 178 236 169 169 169 223 180 236 180 180 171 171 223 223 179 179 229 229 217 217 167 217 170 234 170 170 242 242 242 184 225 171 225 225 234 166 166 234 177 229 177 177 243 243 184 184 231 181 181 231 166 227 227 166 241 241 241 183 168 168 232 232 233 175 233 175 228 228 179 179 174 239 174 239 191 240 240 191 
236 236 236 178 223 169 223 223 236 180 236 236 171 223 223 171 179 229 179 229 167 167 217 217 170 234 170 170 184 242 184 242 171 225 225 171 234 166 234 234 177 177 229 177 243 184 243 243 181 181 181 181 227 166 166 227 241 241 183 241 232 232 168 232 175 175 233 233 228 179 228 179 239 174 174 174 191 191 240 240 
178 178 236 178 223 223 169 169 236 180 180 236 223 171 171 223 179 229 179 229 217 167 167 167 234 170 234 170 242 242 184 184 171 225 225 171 234 234 166 166 229 229 177 177 184 243 184 184 181 231 231 231 166 166 166 227 183 241 183 183 232 168 168 232 175 233 233 175 179 228 228 179 239 174 174 239 191 240 240 240 
236 178 236 178 169 223 169 169 180 236 236 180 171 171 171 223 229 179 229 179 167 167 167 217 170 234 234 170 242 184 184 242 225 225 171 225 234 166 234 234 177 229 229 177 243 184 243 243 231 231 181 231 227 227 227 227 183 183 241 183 232 168 168 232 175 175 175 233 228 228 228 179 239 239 239 239 191 240 240 240 
240 240 182 182 170 228 228 170 247 191 191 191 172 172 172 172 178 240 240 178 173 173 242 173 226 226 172 226 243 243 177 177 173 173 225 225 237 237 237 237 227 177 227 177 172 172 172 228 236 236 186 236 236 182 236 182 175 175 229 229 229 229 171 171 178 234 178 178 218 218 164 218 179 179 179 239 216 216 173 216 
240 182 182 182 170 170 228 228 191 191 247 247 172 172 234 234 178 240 240 178 173 242 242 173 226 226 226 172 177 243 177 177 173 173 225 173 237 173 237 173 177 177 227 227 228 172 228 172 186 186 236 236 236 236 182 236 229 229 175 229 171 171 229 229 178 178 234 234 164 218 218 164 239 179 239 239 173 173 216 216 
182 240 240 240 228 170 228 170 247 191 191 247 234 172 172 234 240 178 178 240 173 242 242 242 226 226 172 172 243 243 177 177 173 173 173 225 173 237 173 237 177 227 227 227 172 228 172 228 186 186 236 186 236 236 236 236 229 175 175 229 171 229 171 171 234 178 234 178 164 218 218 164 239 179 179 239 216 173 216 216 
182 182 240 240 170 170 170 228 191 191 247 191 172 172 234 234 178 240 178 240 173 242 242 242 226 172 172 226 243 177 243 243 225 225 225 225 237 173 173 237 177 177 177 227 228 172 228 228 236 186 186 236 182 236 182 182 229 229 175 229 229 229 229 171 234 178 234 234 218 164 218 164 239 179 239 179 216 173 173 216 
227 227 227 175 241 189 241 241 178 178 246 178 244 188 244 188 172 172 232 172 215 172 172 215 234 172 172 234 229 174 229 229 183 246 183 183 237 237 167 167 225 225 174 174 179 179 179 179 184 244 244 184 178 234 234 178 175 229 175 229 175 243 175 175 231 163 231 231 183 222 183 222 168 222 222 222 240 182 182 240 
227 227 227 175 189 189 189 241 178 246 246 178 188 188 188 244 232 172 232 172 215 172 172 215 172 172 172 234 174 174 174 174 183 246 246 183 167 237 167 167 225 174 225 225 236 179 179 236 184 244 184 244 178 234 234 234 229 229 175 229 175 243 175 243 163 231 163 231 222 222 222 222 168 222 222 222 182 182 240 182 
175 227 175 175 241 189 241 189 178 178 178 178 244 188 244 244 232 232 172 172 172 215 172 215 172 234 234 234 174 174 174 229 183 246 183 246 237 167 237 167 225 225 174 174 236 179 236 236 184 244 244 184 178 234 178 234 175 229 175 175 243 243 175 175 231 163 163 231 222 183 183 222 168 222 168 222 182 240 240 240 
175 227 175 175 189 241 189 189 246 246 178 246 244 244 188 244 172 172 232 232 172 215 172 172 234 172 172 234 229 229 174 229 246 183 183 246 237 237 237 167 225 225 174 225 236 179 236 179 184 184 184 184 178 178 234 178 229 175 175 175 175 175 243 175 231 231 163 231 183 222 183 222 168 168 168 222 240 182 182 240 
216 166 166 166 180 180 180 233 230 230 181 181 184 236 236 184 235 235 189 189 167 237 237 237 239 173 173 239 229 169 229 169 232 182 232 182 240 240 240 178 173 173 173 225 221 168 168 221 236 236 236 172 174 174 240 174 167 167 167 167 156 219 219 219 189 239 189 239 240 174 240 240 241 241 241 241 242 194 194 242 
166 216 166 166 180 233 180 233 230 181 181 230 184 236 184 236 189 235 189 235 237 167 167 167 173 239 173 173 169 169 229 229 182 232 232 182 240 178 178 178 225 225 173 225 168 221 221 168 236 172 172 172 240 174 240 174 167 222 167 167 219 156 219 219 239 189 239 239 174 240 174 240 171 171 171 171 242 242 194 194 
216 166 216 216 233 233 233 233 230 230 181 230 184 184 236 236 235 235 235 189 167 237 167 237 173 173 239 239 169 229 169 169 182 232 232 182 178 240 240 178 225 173 173 173 168 168 221 168 172 236 172 172 240 240 174 174 167 222 222 222 156 219 219 156 189 189 189 189 240 174 174 240 171 241 241 171 194 194 194 242 
216 216 216 216 180 233 180 233 181 230 181 230 184 184 236 236 189 189 235 189 237 167 237 237 239 239 173 239 169 169 229 229 182 232 232 232 178 178 240 240 225 225 173 173 168 168 221 221 236 236 236 236 240 174 174 240 222 167 222 222 219 219 219 156 239 239 239 239 174 174 240 174 171 171 241 241 242 242 194 242 
172 172 236 172 239 239 239 239 185 185 247 247 171 223 171 171 180 180 180 180 178 230 230 230 237 178 237 237 234 176 234 176 224 176 176 176 230 176 176 230 175 175 175 233 169 244 169 244 232 232 178 232 179 212 179 179 219 168 168 219 162 162 162 162 185 237 185 237 175 239 175 175 245 179 179 179 234 234 189 189 
172 236 236 172 239 239 239 183 185 247 247 185 171 223 223 171 240 180 180 240 178 178 230 178 178 178 237 178 176 176 234 234 176 176 224 176 176 176 176 230 175 175 233 175 169 169 169 169 232 232 178 232 179 212 212 212 168 219 219 219 162 222 222 162 185 185 185 237 175 175 239 239 245 245 179 245 234 189 189 189 
172 236 172 172 239 183 183 183 185 247 185 247 171 223 223 171 240 240 240 240 230 178 178 178 178 178 237 178 176 234 234 234 224 224 176 176 176 176 176 176 233 233 175 175 244 244 244 169 178 178 178 178 212 179 212 179 219 168 168 219 222 222 222 222 237 237 185 237 239 175 175 175 179 245 179 179 234 234 189 189 
236 236 172 172 183 239 183 183 185 247 185 185 171 223 223 223 180 180 180 180 230 230 178 178 237 237 237 237 234 176 176 234 224 224 224 224 230 176 230 176 233 233 233 233 244 244 169 244 178 178 232 232 179 179 212 179 168 219 168 219 162 222 222 222 237 185 237 185 239 239 239 239 245 179 245 245 234 234 189 189 
